-0.9977659999999999
-0.9899469999999999
-0.9821290000000001
-0.974311
-0.9664969999999999
-0.9586819999999999
-0.9508690000000001
-0.9430569999999999
-0.9352469999999999
-0.9274389999999999
-0.919632
-0.9118280000000001
-0.9040239999999999
-0.8962209999999999
-0.8884219999999999
-0.8806229999999999
-0.872827
-0.865032
-0.857237
-0.8494450000000001
-0.8416530000000001
-0.8338639999999999
-0.826074
-0.818286
-0.8104979999999999
-0.802711
-0.794926
-0.78714
-0.779356
-0.771571
-0.763787
-0.756005
-0.748222
-0.740441
-0.7326590000000001
-0.724878
-0.717097
-0.709316
-0.7015359999999999
-0.693754
-0.685974
-0.678193
-0.670413
-0.662632
-0.654853
-0.6470739999999999
-0.639296
-0.631517
-0.62374
-0.6159640000000001
-0.608187
-0.6004109999999999
-0.5926359999999999
-0.584861
-0.577087
-0.569312
-0.561538
-0.553763
-0.545988
-0.5382140000000001
-0.530439
-0.522663
-0.514888
-0.507112
-0.499334
-0.49155600000000005
-0.48377700000000007
-0.475997
-0.468217
-0.46043500000000004
-0.45265299999999997
-0.44486800000000004
-0.437083
-0.42929700000000004
-0.42151000000000005
-0.413721
-0.405932
-0.39814099999999997
-0.39035
-0.382556
-0.374762
-0.366967
-0.359171
-0.351373
-0.343575
-0.335776
-0.32797600000000005
-0.320175
-0.312373
-0.304571
-0.296768
-0.288965
-0.281161
-0.273357
-0.26555300000000004
-0.257748
-0.249942
-0.242137
-0.23433099999999998
-0.22652399999999998
-0.218718
-0.21091100000000002
-0.203103
-0.195295
-0.187487
-0.179678
-0.171869
-0.16405999999999998
-0.156251
-0.14844000000000002
-0.14063
-0.132819
-0.12500799999999998
-0.11719600000000001
-0.109384
-0.10157200000000001
-0.09375950000000001
-0.08594650000000001
-0.07813339999999999
-0.07032000000000001
-0.06250660000000001
-0.054692899999999996
-0.0468794
-0.039065699999999995
-0.0312522
-0.0234388
-0.0156256
-0.00781261
-3.7038699999999995e-09
