Residual: 
14.4917
11.8043
9.64256
7.90544
Residual: 
3.29279
2.78134
2.35973
2.01111
Residual: 
6.56814
5.44788
4.55137
3.83479
Residual: 
3.2624
2.80503
2.43884
2.14442
Residual: 
0.758402
0.642763
0.547112
0.46775
Residual: 
1.92874
1.73151
1.56836
1.4315
Residual: 
1.31496
1.2142
1.12581
1.04724
Residual: 
0.272654
0.235225
0.203609
0.176826
Residual: 
0.98002
0.915569
0.856678
0.802518
Residual: 
0.752447
0.705971
0.662697
0.622309
Residual: 
0.147054
0.128277
0.112154
0.0982826
Residual: 
0.584303
0.548993
0.515905
0.48487
Residual: 
0.455739
0.428383
0.402679
0.378523
Residual: 
0.0881674
0.0771748
0.0676882
0.059489
Residual: 
0.35503
0.33377
0.313778
0.294979
Residual: 
0.277295
0.260662
0.245013
0.230292
Residual: 
0.0533181
0.0467358
0.0410449
0.0361177
Residual: 
0.215695
0.202747
0.190565
0.179106
Residual: 
0.168323
0.158177
0.148634
0.139654
Residual: 
0.0319712
0.0280435
0.0246449
0.0216994
Residual: 
0.130617
0.122734
0.115319
0.108344
Residual: 
0.101782
0.0956116
0.0898055
0.0843457
Residual: 
0.0189553
0.0166331
0.0146218
0.0128782
Residual: 
0.078783
0.0740014
0.0695037
0.0652748
Residual: 
0.061297
0.0575578
0.0540405
0.0507375
Residual: 
0.0111176
0.0097574
Residual: 
0.0474497
0.0445488
0.0418216
0.0392587
Residual: 
0.0368513
0.0345849
0.0324574
0.0304603
Residual: 
0.00651149
Residual: 
0.0285158
0.0267571
0.0251085
0.023558
Residual: 
0.0221035
0.0207354
0.0194521
0.0182471
Residual: 
0.00380302
Residual: 
0.0170703
0.0160112
0.0150197
0.0140874
Residual: 
0.0132135
0.0123921
0.0116204
0.0108978
Residual: 
0.00220643
Residual: 
0.01019
0.00955709
0.00896121
0.00840396
Residual: 
0.0412322
0.0388025
0.0365428
0.0344335
Residual: 
0.0077474
Residual: 
0.0324568
0.0306066
0.0288694
0.0272321
Residual: 
0.025694
0.0242439
0.0228759
0.0215857
Residual: 
0.0049633
Residual: 
0.02036
0.0192156
0.0181307
0.0171076
Residual: 
0.0161417
0.0152315
0.0143691
0.0135565
Residual: 
0.00315281
Residual: 
0.0127789
0.0120526
0.0113684
0.0107215
Residual: 
0.0101109
0.00953407
0.00899027
0.00847484
Residual: 
0.0019774
Residual: 
0.00798155
0.00752514
0.00709282
0.00668451
Residual: 
0.00693878
0.0065423
0.0061675
0.00581321
Residual: 
0.00136136
Residual: 
0.00547394
0.00516017
0.00486179
0.00458201
