-6.03192e-11
0.00772476
0.0153276
0.022808500000000002
0.0301676
0.0374047
0.0445201
0.0515136
0.05838530000000001
0.0651351
0.0717632
0.07826960000000001
0.08465419999999999
0.0909166
0.0970575
0.103076
0.108974
0.114749
0.120403
0.125935
0.131346
0.13663499999999998
0.141802
0.146848
0.151772
0.156575
0.16125699999999998
0.16581600000000002
0.170255
0.174572
0.178767
0.182841
0.18679300000000001
0.190625
0.19433399999999998
0.19792200000000001
0.201388
0.204733
0.207956
0.21105700000000002
0.214036
0.21689499999999998
0.219631
0.22224499999999997
0.22473800000000002
0.22710999999999998
0.22935999999999998
0.231488
0.23349499999999998
0.235382
0.237146
0.23878899999999997
0.24031100000000002
0.241711
0.24299099999999998
0.244148
0.245185
0.2461
0.24689299999999997
0.247565
0.24811599999999998
0.248545
0.24885300000000002
0.24904
0.24910500000000002
0.249048
0.24886999999999998
0.24856999999999999
0.24814899999999998
0.247606
0.246942
0.24615599999999999
0.245248
0.244219
0.24306799999999998
0.241794
0.2404
0.23888299999999998
0.23724499999999998
0.23548400000000003
0.233602
0.231598
0.22947199999999998
0.227225
0.224856
0.22236399999999998
0.219752
0.21701700000000002
0.21416
0.211182
0.20808200000000002
0.20486100000000002
0.201518
0.198053
0.194467
0.19075799999999998
0.18692899999999998
0.182977
0.178904
0.174709
0.17039300000000002
0.165954
0.161394
0.156712
0.151908
0.146982
0.141934
0.136765
0.131473
0.126059
0.120524
0.11486600000000001
0.10908599999999999
0.103184
0.0971596
0.09101319999999999
0.0847447
0.0783539
0.071841
0.0652059
0.058448900000000005
0.0515697
0.0445685
0.0374452
0.0302
0.0228328
0.0153438
0.00773277
3.6949699999999997e-09
