-6.04542e-11
0.0078032
0.0156065
0.0234099
0.0312133
0.0390168
0.0468204
0.054624
0.062427699999999996
0.07023120000000001
0.0780347
0.08583810000000001
0.0936415
0.101444
0.109247
0.117049
0.124851
0.132653
0.140455
0.148256
0.156057
0.163858
0.171658
0.179458
0.18725799999999998
0.19505799999999998
0.20285699999999998
0.210657
0.21845599999999998
0.226255
0.234053
0.241852
0.24965
0.257447
0.265245
0.273042
0.28083800000000003
0.288634
0.29643
0.304224
0.312019
0.319812
0.327606
0.33539800000000003
0.34318899999999997
0.35098
0.35877
0.366559
0.374348
0.38213600000000003
0.389923
0.39770900000000003
0.405495
0.413279
0.42106400000000005
0.42884799999999995
0.43663100000000005
0.444413
0.45219499999999996
0.459976
0.467757
0.47553599999999996
0.48331599999999997
0.491096
0.498875
0.506653
0.514432
0.5222100000000001
0.529988
0.537766
0.545545
0.553323
0.561102
0.5688810000000001
0.5766600000000001
0.584438
0.592217
0.599996
0.607776
0.615555
0.623334
0.6311140000000001
0.638895
0.646676
0.654459
0.662241
0.670024
0.6778069999999999
0.685591
0.693376
0.7011609999999999
0.708947
0.716733
0.724521
0.732309
0.740097
0.747887
0.755677
0.763469
0.7712600000000001
0.779053
0.7868470000000001
0.7946409999999999
0.8024359999999999
0.810231
0.818029
0.8258260000000001
0.833625
0.841426
0.849226
0.8570270000000001
0.8648290000000001
0.872633
0.880437
0.888241
0.8960459999999999
0.903852
0.911659
0.919466
0.9272739999999999
0.935084
0.942894
0.950707
0.958519
0.966332
0.974147
0.981964
0.9897809999999999
0.997599
