          0
          0
          0
          0
          0
          0
          0
          0
          0
          0
          0
          0
          0
          0
          0
          0
          0
          0
          0
          0
          0
          0
          0
          0
          0
          0
          0
          0
          0
          0
          0
   0.016647
  0.0331337
  0.0493012
   0.064994
  0.0800609
  0.0943567
   0.107744
   0.120093
   0.131286
   0.141215
   0.149783
   0.156909
   0.162524
   0.166574
    0.16902
   0.169838
    0.16902
   0.166574
   0.162524
   0.156909
   0.149783
   0.141215
   0.131286
   0.120093
   0.107744
  0.0943567
  0.0800609
   0.064994
  0.0493012
  0.0331337
   0.016647
-0.00176769
-0.00351834
-0.00523507
-0.00690132
-0.00850104
 -0.0100188
 -0.0114401
  -0.012751
 -0.0139392
  -0.014993
 -0.0159025
 -0.0166588
 -0.0172547
 -0.0176845
  -0.017944
 -0.0180308
  -0.017944
 -0.0176845
 -0.0172547
 -0.0166588
 -0.0159025
  -0.014993
 -0.0139392
  -0.012751
 -0.0114401
 -0.0100188
-0.00850104
-0.00690132
-0.00523507
-0.00351834
-0.00176769
  0.0164345
  0.0327095
  0.0486669
  0.0641521
  0.0790153
  0.0931131
    0.10631
   0.118478
   0.129503
   0.139278
   0.147711
   0.154722
   0.160245
   0.164227
   0.166632
   0.167436
   0.166632
   0.164227
   0.160245
   0.154722
   0.147711
   0.139278
   0.129503
   0.118478
    0.10631
  0.0931131
  0.0790153
  0.0641521
  0.0486669
  0.0327095
  0.0164345
-0.00200386
-0.00398834
-0.00593426
-0.00782281
-0.00963575
 -0.0113556
 -0.0129659
  -0.014451
 -0.0157967
 -0.0169902
   -0.01802
 -0.0188763
 -0.0195509
 -0.0200374
 -0.0203311
 -0.0204294
 -0.0203311
 -0.0200374
 -0.0195509
 -0.0188763
   -0.01802
 -0.0169902
 -0.0157967
  -0.014451
 -0.0129659
 -0.0113556
-0.00963575
-0.00782281
-0.00593426
-0.00398834
-0.00200386
  0.0162221
  0.0322854
  0.0480329
   0.063311
  0.0779713
   0.091872
   0.104879
   0.116869
   0.127727
    0.13735
    0.14565
   0.152547
   0.157978
   0.161894
   0.164258
   0.165048
   0.164258
   0.161894
   0.157978
   0.152547
    0.14565
    0.13735
   0.127727
   0.116869
   0.104879
   0.091872
  0.0779713
   0.063311
  0.0480329
  0.0322854
  0.0162221
-0.00224002
 -0.0044583
-0.00663328
 -0.0087439
 -0.0107697
 -0.0126912
 -0.0144899
 -0.0161484
  -0.017651
 -0.0189834
 -0.0201327
 -0.0210883
  -0.021841
 -0.0223837
 -0.0227114
  -0.022821
 -0.0227114
 -0.0223837
  -0.021841
 -0.0210883
 -0.0201327
 -0.0189834
  -0.017651
 -0.0161484
 -0.0144899
 -0.0126912
 -0.0107697
 -0.0087439
-0.00663328
 -0.0044583
-0.00224002
  0.0160096
  0.0318614
  0.0473992
  0.0624707
  0.0769288
  0.0906335
   0.103453
   0.115264
   0.125957
   0.135431
   0.143598
   0.150383
   0.155725
   0.159575
   0.161899
   0.162676
   0.161899
   0.159575
   0.155725
   0.150383
   0.143598
   0.135431
   0.125957
   0.115264
   0.103453
  0.0906335
  0.0769288
  0.0624707
  0.0473992
  0.0318614
  0.0160096
-0.00247618
 -0.0049282
-0.00733215
-0.00966463
  -0.011903
 -0.0140257
 -0.0160122
 -0.0178436
 -0.0195024
 -0.0209728
  -0.022241
 -0.0232951
 -0.0241253
 -0.0247239
 -0.0250852
 -0.0252061
 -0.0250852
 -0.0247239
 -0.0241253
 -0.0232951
  -0.022241
 -0.0209728
 -0.0195024
 -0.0178436
 -0.0160122
 -0.0140257
  -0.011903
-0.00966463
-0.00733215
 -0.0049282
-0.00247618
  0.0157972
  0.0314375
  0.0467659
  0.0616312
  0.0758879
  0.0893973
    0.10203
   0.113665
   0.124194
   0.133519
   0.141556
    0.14823
   0.153484
   0.157269
   0.159554
   0.160318
   0.159554
   0.157269
   0.153484
    0.14823
   0.141556
   0.133519
   0.124194
   0.113665
    0.10203
  0.0893973
  0.0758879
  0.0616312
  0.0467659
  0.0314375
  0.0157972
-0.00271233
-0.00539805
-0.00803086
  -0.010585
 -0.0130357
 -0.0153591
  -0.017533
 -0.0195366
 -0.0213508
 -0.0229586
  -0.024345
 -0.0254971
 -0.0264042
 -0.0270582
  -0.027453
 -0.0275849
  -0.027453
 -0.0270582
 -0.0264042
 -0.0254971
  -0.024345
 -0.0229586
 -0.0213508
 -0.0195366
  -0.017533
 -0.0153591
 -0.0130357
  -0.010585
-0.00803086
-0.00539805
-0.00271233
  0.0155848
  0.0310137
  0.0461329
  0.0607925
  0.0748483
  0.0881636
    0.10061
   0.112071
   0.122438
   0.131616
   0.139523
   0.146088
   0.151254
   0.154976
   0.157222
   0.157973
   0.157222
   0.154976
   0.151254
   0.146088
   0.139523
   0.131616
   0.122438
   0.112071
    0.10061
  0.0881636
  0.0748483
  0.0607925
  0.0461329
  0.0310137
  0.0155848
-0.00294848
-0.00586787
-0.00872942
 -0.0115051
 -0.0141677
 -0.0166916
 -0.0190523
 -0.0212275
 -0.0231965
 -0.0249411
  -0.026445
 -0.0276944
  -0.028678
  -0.029387
 -0.0298149
  -0.029958
 -0.0298149
  -0.029387
  -0.028678
 -0.0276944
  -0.026445
 -0.0249411
 -0.0231965
 -0.0212275
 -0.0190523
 -0.0166916
 -0.0141677
 -0.0115051
-0.00872942
-0.00586787
-0.00294848
  0.0153724
    0.03059
  0.0455003
  0.0599546
  0.0738102
  0.0869321
  0.0991942
   0.110481
   0.120687
    0.12972
     0.1375
   0.143957
   0.149037
   0.152696
   0.154904
   0.155642
   0.154904
   0.152696
   0.149037
   0.143957
     0.1375
    0.12972
   0.120687
   0.110481
  0.0991942
  0.0869321
  0.0738102
  0.0599546
  0.0455003
    0.03059
  0.0153724
-0.00318462
-0.00633764
-0.00942786
 -0.0124248
 -0.0152992
  -0.018023
 -0.0205702
 -0.0229165
 -0.0250398
 -0.0269204
 -0.0285412
 -0.0298874
  -0.030947
 -0.0317106
 -0.0321715
 -0.0323255
 -0.0321715
 -0.0317106
  -0.030947
 -0.0298874
 -0.0285412
 -0.0269204
 -0.0250398
 -0.0229165
 -0.0205702
  -0.018023
 -0.0152992
 -0.0124248
-0.00942786
-0.00633764
-0.00318462
    0.01516
  0.0301664
  0.0448679
  0.0591173
  0.0727734
  0.0857029
  0.0977816
   0.108896
   0.118943
   0.127832
   0.135485
   0.141836
   0.146831
   0.150428
   0.152599
   0.153324
   0.152599
   0.150428
   0.146831
   0.141836
   0.135485
   0.127832
   0.118943
   0.108896
  0.0977816
  0.0857029
  0.0727734
  0.0591173
  0.0448679
  0.0301664
    0.01516
-0.00342075
-0.00680737
 -0.0101262
 -0.0133443
 -0.0164301
 -0.0193536
 -0.0220868
 -0.0246036
 -0.0268806
 -0.0288968
 -0.0306339
 -0.0320764
 -0.0332115
 -0.0340294
  -0.034523
 -0.0346879
  -0.034523
 -0.0340294
 -0.0332115
 -0.0320764
 -0.0306339
 -0.0288968
 -0.0268806
 -0.0246036
 -0.0220868
 -0.0193536
 -0.0164301
 -0.0133443
 -0.0101262
-0.00680737
-0.00342075
  0.0149476
  0.0297429
  0.0442359
  0.0582808
   0.071738
  0.0844759
  0.0963721
   0.107315
   0.117204
   0.125951
    0.13348
   0.139725
   0.144637
   0.148173
   0.150306
   0.151019
   0.150306
   0.148173
   0.144637
   0.139725
    0.13348
   0.125951
   0.117204
   0.107315
  0.0963721
  0.0844759
   0.071738
  0.0582808
  0.0442359
  0.0297429
  0.0149476
-0.00365688
-0.00727707
 -0.0108244
 -0.0142635
 -0.0175605
 -0.0206834
 -0.0236021
 -0.0262891
 -0.0287192
 -0.0308704
 -0.0327233
 -0.0342616
 -0.0354718
 -0.0363437
 -0.0368698
 -0.0370456
 -0.0368698
 -0.0363437
 -0.0354718
 -0.0342616
 -0.0327233
 -0.0308704
 -0.0287192
 -0.0262891
 -0.0236021
 -0.0206834
 -0.0175605
 -0.0142635
 -0.0108244
-0.00727707
-0.00365688
  0.0147352
  0.0293195
  0.0436042
   0.057445
  0.0707039
   0.083251
  0.0949659
   0.105739
   0.115472
   0.124078
   0.131483
   0.137624
   0.142453
   0.145929
   0.148025
   0.148726
   0.148025
   0.145929
   0.142453
   0.137624
   0.131483
   0.124078
   0.115472
   0.105739
  0.0949659
   0.083251
  0.0707039
   0.057445
  0.0436042
  0.0293195
  0.0147352
-0.00389301
-0.00774674
 -0.0115224
 -0.0151824
 -0.0186905
 -0.0220125
 -0.0251164
  -0.027973
 -0.0305559
 -0.0328415
 -0.0348098
 -0.0364433
 -0.0377283
 -0.0386538
 -0.0392122
 -0.0393988
 -0.0392122
 -0.0386538
 -0.0377283
 -0.0364433
 -0.0348098
 -0.0328415
 -0.0305559
  -0.027973
 -0.0251164
 -0.0220125
 -0.0186905
 -0.0151824
 -0.0115224
-0.00774674
-0.00389301
  0.0145229
  0.0288962
  0.0429728
  0.0566099
   0.069671
  0.0820282
  0.0935627
   0.104167
   0.113744
   0.122211
   0.129494
   0.135533
   0.140279
   0.143696
   0.145757
   0.146445
   0.145757
   0.143696
   0.140279
   0.135533
   0.129494
   0.122211
   0.113744
   0.104167
  0.0935627
  0.0820282
   0.069671
  0.0566099
  0.0429728
  0.0288962
  0.0145229
-0.00412913
-0.00821637
 -0.0122204
 -0.0161011
   -0.01982
 -0.0233408
 -0.0266296
 -0.0296555
 -0.0323906
 -0.0348103
 -0.0368934
 -0.0386219
 -0.0399812
 -0.0409601
 -0.0415507
  -0.041748
 -0.0415507
 -0.0409601
 -0.0399812
 -0.0386219
 -0.0368934
 -0.0348103
 -0.0323906
 -0.0296555
 -0.0266296
 -0.0233408
   -0.01982
 -0.0161011
 -0.0122204
-0.00821637
-0.00412913
  0.0143105
   0.028473
  0.0423417
  0.0557754
  0.0686394
  0.0808073
  0.0921625
   0.102599
   0.112023
   0.120351
   0.127513
   0.133451
   0.138116
   0.141475
   0.143499
   0.144176
   0.143499
   0.141475
   0.138116
   0.133451
   0.127513
   0.120351
   0.112023
   0.102599
  0.0921625
  0.0808073
  0.0686394
  0.0557754
  0.0423417
   0.028473
  0.0143105
-0.00436525
-0.00868598
 -0.0129183
 -0.0170197
 -0.0209492
 -0.0246685
 -0.0281418
 -0.0313366
 -0.0342236
  -0.036777
 -0.0389745
 -0.0407975
 -0.0422309
  -0.043263
 -0.0438855
 -0.0440935
 -0.0438855
  -0.043263
 -0.0422309
 -0.0407975
 -0.0389745
  -0.036777
 -0.0342236
 -0.0313366
 -0.0281418
 -0.0246685
 -0.0209492
 -0.0170197
 -0.0129183
-0.00868598
-0.00436525
  0.0140982
  0.0280499
  0.0417108
  0.0549415
   0.067609
  0.0795885
  0.0907652
   0.101035
   0.110306
   0.118497
    0.12554
   0.131377
   0.135963
   0.139264
   0.141253
   0.141918
   0.141253
   0.139264
   0.135963
   0.131377
    0.12554
   0.118497
   0.110306
   0.101035
  0.0907652
  0.0795885
   0.067609
  0.0549415
  0.0417108
  0.0280499
  0.0140982
-0.00460136
-0.00915556
 -0.0136161
  -0.017938
  -0.022078
 -0.0259956
 -0.0296532
 -0.0330166
 -0.0360551
 -0.0387417
 -0.0410533
 -0.0429705
 -0.0444776
 -0.0455626
  -0.046217
 -0.0464357
  -0.046217
 -0.0455626
 -0.0444776
 -0.0429705
 -0.0410533
 -0.0387417
 -0.0360551
 -0.0330166
 -0.0296532
 -0.0259956
  -0.022078
  -0.017938
 -0.0136161
-0.00915556
-0.00460136
  0.0138859
  0.0276268
  0.0410803
  0.0541083
  0.0665797
  0.0783715
  0.0893707
  0.0994753
   0.108595
    0.11665
   0.123574
   0.129312
    0.13382
   0.137063
   0.139018
   0.139672
   0.139018
   0.137063
    0.13382
   0.129312
   0.123574
    0.11665
   0.108595
  0.0994753
  0.0893707
  0.0783715
  0.0665797
  0.0541083
  0.0410803
  0.0276268
  0.0138859
-0.00483748
-0.00962513
 -0.0143139
 -0.0188561
 -0.0232065
 -0.0273222
 -0.0311639
 -0.0346956
 -0.0378852
 -0.0407047
 -0.0431301
 -0.0451411
 -0.0467217
 -0.0478595
 -0.0485456
 -0.0487749
 -0.0485456
 -0.0478595
 -0.0467217
 -0.0451411
 -0.0431301
 -0.0407047
 -0.0378852
 -0.0346956
 -0.0311639
 -0.0273222
 -0.0232065
 -0.0188561
 -0.0143139
-0.00962513
-0.00483748
  0.0136735
  0.0272038
  0.0404499
  0.0532757
  0.0655515
  0.0771563
  0.0879789
  0.0979191
   0.106888
   0.114809
   0.121616
   0.127256
   0.131686
   0.134872
   0.136794
   0.137435
   0.136794
   0.134872
   0.131686
   0.127256
   0.121616
   0.114809
   0.106888
  0.0979191
  0.0879789
  0.0771563
  0.0655515
  0.0532757
  0.0404499
  0.0272038
  0.0136735
-0.00507359
 -0.0100947
 -0.0150115
 -0.0197741
 -0.0243347
 -0.0286484
 -0.0326739
 -0.0363736
 -0.0397141
 -0.0426662
  -0.045205
 -0.0473097
 -0.0489636
 -0.0501539
 -0.0508716
 -0.0511114
 -0.0508716
 -0.0501539
 -0.0489636
 -0.0473097
  -0.045205
 -0.0426662
 -0.0397141
 -0.0363736
 -0.0326739
 -0.0286484
 -0.0243347
 -0.0197741
 -0.0150115
 -0.0100947
-0.00507359
  0.0134612
  0.0267809
  0.0398199
  0.0524436
  0.0645244
  0.0759429
  0.0865897
  0.0963665
   0.105186
   0.112973
   0.119665
   0.125208
    0.12956
   0.132692
   0.134579
   0.135209
   0.134579
   0.132692
    0.12956
   0.125208
   0.119665
   0.112973
   0.105186
  0.0963665
  0.0865897
  0.0759429
  0.0645244
  0.0524436
  0.0398199
  0.0267809
  0.0134612
 -0.0053097
 -0.0105642
 -0.0157092
  -0.020692
 -0.0254627
 -0.0299742
 -0.0341833
 -0.0380508
  -0.041542
 -0.0446265
 -0.0472785
 -0.0494765
 -0.0512034
 -0.0524461
 -0.0531954
 -0.0534457
 -0.0531954
 -0.0524461
 -0.0512034
 -0.0494765
 -0.0472785
 -0.0446265
  -0.041542
 -0.0380508
 -0.0341833
 -0.0299742
 -0.0254627
  -0.020692
 -0.0157092
 -0.0105642
 -0.0053097
  0.0132489
  0.0263581
    0.03919
  0.0516121
  0.0634983
  0.0747311
  0.0852031
  0.0948174
   0.103489
   0.111144
    0.11772
   0.123167
   0.127444
    0.13052
   0.132374
   0.132993
   0.132374
    0.13052
   0.127444
   0.123167
    0.11772
   0.111144
   0.103489
  0.0948174
  0.0852031
  0.0747311
  0.0634983
  0.0516121
    0.03919
  0.0263581
  0.0132489
 -0.0055458
 -0.0110337
 -0.0164067
 -0.0216098
 -0.0265905
 -0.0312996
 -0.0356922
 -0.0397273
 -0.0433689
 -0.0465856
 -0.0493506
 -0.0516418
 -0.0534416
 -0.0547366
 -0.0555173
 -0.0557781
 -0.0555173
 -0.0547366
 -0.0534416
 -0.0516418
 -0.0493506
 -0.0465856
 -0.0433689
 -0.0397273
 -0.0356922
 -0.0312996
 -0.0265905
 -0.0216098
 -0.0164067
 -0.0110337
 -0.0055458
  0.0130366
  0.0259353
  0.0385604
  0.0507811
  0.0624732
   0.073521
  0.0838188
  0.0932717
   0.101796
    0.10932
   0.115782
   0.121134
   0.125336
   0.128357
   0.130179
   0.130787
   0.130179
   0.128357
   0.125336
   0.121134
   0.115782
    0.10932
   0.101796
  0.0932717
  0.0838188
   0.073521
  0.0624732
  0.0507811
  0.0385604
  0.0259353
  0.0130366
-0.00578191
 -0.0115032
 -0.0171043
 -0.0225275
 -0.0277181
 -0.0326248
 -0.0372007
 -0.0414033
 -0.0451952
 -0.0485438
 -0.0514216
 -0.0538059
 -0.0556784
 -0.0570256
 -0.0578376
 -0.0581089
 -0.0578376
 -0.0570256
 -0.0556784
 -0.0538059
 -0.0514216
 -0.0485438
 -0.0451952
 -0.0414033
 -0.0372007
 -0.0326248
 -0.0277181
 -0.0225275
 -0.0171043
 -0.0115032
-0.00578191
  0.0128244
  0.0255126
  0.0379311
  0.0499507
  0.0614491
  0.0723125
   0.082437
  0.0917292
   0.100107
   0.107501
   0.113851
   0.119108
   0.123236
   0.126204
   0.127992
    0.12859
   0.127992
   0.126204
   0.123236
   0.119108
   0.113851
   0.107501
   0.100107
  0.0917292
   0.082437
  0.0723125
  0.0614491
  0.0499507
  0.0379311
  0.0255126
  0.0128244
-0.00601801
 -0.0119727
 -0.0178018
 -0.0234451
 -0.0288456
 -0.0339498
 -0.0387089
 -0.0430789
 -0.0470209
 -0.0505013
 -0.0534918
  -0.055969
 -0.0579142
 -0.0593134
 -0.0601568
 -0.0604386
 -0.0601568
 -0.0593134
 -0.0579142
  -0.055969
 -0.0534918
 -0.0505013
 -0.0470209
 -0.0430789
 -0.0387089
 -0.0339498
 -0.0288456
 -0.0234451
 -0.0178018
 -0.0119727
-0.00601801
  0.0126121
    0.02509
  0.0373019
  0.0491207
  0.0604259
  0.0711055
  0.0810573
  0.0901899
  0.0984228
   0.105687
   0.111925
    0.11709
   0.121143
   0.124058
   0.125814
   0.126401
   0.125814
   0.124058
   0.121143
    0.11709
   0.111925
   0.105687
  0.0984228
  0.0901899
  0.0810573
  0.0711055
  0.0604259
  0.0491207
  0.0373019
    0.02509
  0.0126121
-0.00625412
 -0.0124422
 -0.0184993
 -0.0243627
  -0.029973
 -0.0352746
 -0.0402169
 -0.0447541
 -0.0488462
 -0.0524584
 -0.0555615
 -0.0581314
 -0.0601492
 -0.0616005
 -0.0624752
 -0.0627674
 -0.0624752
 -0.0616005
 -0.0601492
 -0.0581314
 -0.0555615
 -0.0524584
 -0.0488462
 -0.0447541
 -0.0402169
 -0.0352746
  -0.029973
 -0.0243627
 -0.0184993
 -0.0124422
-0.00625412
  0.0123998
  0.0246674
   0.036673
  0.0482912
  0.0594036
     0.0699
  0.0796799
  0.0886535
  0.0967422
   0.103878
   0.110005
   0.115078
   0.119058
    0.12192
   0.123645
   0.124221
   0.123645
    0.12192
   0.119058
   0.115078
   0.110005
   0.103878
  0.0967422
  0.0886535
  0.0796799
     0.0699
  0.0594036
  0.0482912
   0.036673
  0.0246674
  0.0123998
-0.00649022
 -0.0129117
 -0.0191967
 -0.0252802
 -0.0311003
 -0.0365994
 -0.0417248
 -0.0464292
 -0.0506713
 -0.0544152
 -0.0576308
 -0.0602935
 -0.0623839
 -0.0638871
 -0.0647931
 -0.0650957
 -0.0647931
 -0.0638871
 -0.0623839
 -0.0602935
 -0.0576308
 -0.0544152
 -0.0506713
 -0.0464292
 -0.0417248
 -0.0365994
 -0.0311003
 -0.0252802
 -0.0191967
 -0.0129117
-0.00649022
  0.0121876
  0.0242449
  0.0360442
  0.0474622
  0.0583821
  0.0686958
  0.0783045
    0.08712
  0.0950653
   0.102074
   0.108091
   0.113072
    0.11698
    0.11979
   0.121484
   0.122049
   0.121484
    0.11979
    0.11698
   0.113072
   0.108091
   0.102074
  0.0950653
    0.08712
  0.0783045
  0.0686958
  0.0583821
  0.0474622
  0.0360442
  0.0242449
  0.0121876
-0.00672632
 -0.0133811
 -0.0198942
 -0.0261978
 -0.0322277
 -0.0379241
 -0.0432326
 -0.0481043
 -0.0524963
 -0.0563719
    -0.0597
 -0.0624555
 -0.0646184
 -0.0661736
 -0.0671108
 -0.0674239
 -0.0671108
 -0.0661736
 -0.0646184
 -0.0624555
    -0.0597
 -0.0563719
 -0.0524963
 -0.0481043
 -0.0432326
 -0.0379241
 -0.0322277
 -0.0261978
 -0.0198942
 -0.0133811
-0.00672632
  0.0119753
  0.0238225
  0.0354157
  0.0466335
  0.0573615
   0.067493
  0.0769311
  0.0855893
  0.0933919
   0.100274
   0.106182
   0.111072
   0.114909
   0.117668
    0.11933
   0.119885
    0.11933
   0.117668
   0.114909
   0.111072
   0.106182
   0.100274
  0.0933919
  0.0855893
  0.0769311
   0.067493
  0.0573615
  0.0466335
  0.0354157
  0.0238225
  0.0119753
-0.00696242
 -0.0138506
 -0.0205917
 -0.0271153
  -0.033355
 -0.0392489
 -0.0447405
 -0.0497794
 -0.0543215
 -0.0583288
 -0.0617695
 -0.0646177
 -0.0668531
 -0.0684604
 -0.0694289
 -0.0697524
 -0.0694289
 -0.0684604
 -0.0668531
 -0.0646177
 -0.0617695
 -0.0583288
 -0.0543215
 -0.0497794
 -0.0447405
 -0.0392489
  -0.033355
 -0.0271153
 -0.0205917
 -0.0138506
-0.00696242
  0.0117631
  0.0234001
  0.0347873
  0.0458054
  0.0563416
  0.0662914
  0.0755595
  0.0840611
   0.091722
  0.0984788
   0.104279
   0.109078
   0.112845
   0.115552
   0.117183
   0.117728
   0.117183
   0.115552
   0.112845
   0.109078
   0.104279
  0.0984788
   0.091722
  0.0840611
  0.0755595
  0.0662914
  0.0563416
  0.0458054
  0.0347873
  0.0234001
  0.0117631
-0.00719853
 -0.0143201
 -0.0212892
 -0.0280329
 -0.0344825
 -0.0405738
 -0.0462486
 -0.0514548
 -0.0561469
  -0.060286
 -0.0638393
 -0.0667804
 -0.0690884
 -0.0707477
 -0.0717475
 -0.0720814
 -0.0717475
 -0.0707477
 -0.0690884
 -0.0667804
 -0.0638393
  -0.060286
 -0.0561469
 -0.0514548
 -0.0462486
 -0.0405738
 -0.0344825
 -0.0280329
 -0.0212892
 -0.0143201
-0.00719853
  0.0115509
  0.0229778
  0.0341591
  0.0449776
  0.0553225
   0.065091
  0.0741898
  0.0825355
  0.0900554
  0.0966873
    0.10238
    0.10709
   0.110786
   0.113443
   0.115044
   0.115578
   0.115044
   0.113443
   0.110786
    0.10709
    0.10238
  0.0966873
  0.0900554
  0.0825355
  0.0741898
   0.065091
  0.0553225
  0.0449776
  0.0341591
  0.0229778
  0.0115509
-0.00743463
 -0.0147896
 -0.0219867
 -0.0289506
   -0.03561
 -0.0418988
 -0.0477569
 -0.0531305
 -0.0579728
 -0.0622437
 -0.0659097
 -0.0689438
 -0.0713244
 -0.0730359
  -0.074067
 -0.0744114
  -0.074067
 -0.0730359
 -0.0713244
 -0.0689438
 -0.0659097
 -0.0622437
 -0.0579728
 -0.0531305
 -0.0477569
 -0.0418988
   -0.03561
 -0.0289506
 -0.0219867
 -0.0147896
-0.00743463
  0.0113386
  0.0225555
   0.033531
  0.0441501
   0.054304
  0.0638918
  0.0728218
  0.0810122
  0.0883918
  0.0948997
   0.100485
   0.105107
   0.108734
    0.11134
   0.112911
   0.113435
   0.112911
    0.11134
   0.108734
   0.105107
   0.100485
  0.0948997
  0.0883918
  0.0810122
  0.0728218
  0.0638918
   0.054304
  0.0441501
   0.033531
  0.0225555
  0.0113386
-0.00767074
 -0.0152591
 -0.0226842
 -0.0298683
 -0.0367377
 -0.0432241
 -0.0492655
 -0.0548066
 -0.0597993
 -0.0642022
 -0.0679811
 -0.0711082
 -0.0735617
 -0.0753253
 -0.0763878
 -0.0767427
 -0.0763878
 -0.0753253
 -0.0735617
 -0.0711082
 -0.0679811
 -0.0642022
 -0.0597993
 -0.0548066
 -0.0492655
 -0.0432241
 -0.0367377
 -0.0298683
 -0.0226842
 -0.0152591
-0.00767074
  0.0111264
  0.0221332
  0.0329031
  0.0433231
  0.0532863
  0.0626937
  0.0714554
  0.0794912
  0.0867311
  0.0931157
  0.0985951
   0.103129
   0.106687
   0.109244
   0.110784
   0.111299
   0.110784
   0.109244
   0.106687
   0.103129
  0.0985951
  0.0931157
  0.0867311
  0.0794912
  0.0714554
  0.0626937
  0.0532863
  0.0433231
  0.0329031
  0.0221332
  0.0111264
-0.00790684
 -0.0157286
 -0.0233818
 -0.0307861
 -0.0378655
 -0.0445496
 -0.0507746
 -0.0564834
 -0.0616265
 -0.0661617
 -0.0700536
  -0.073274
 -0.0758004
 -0.0776163
 -0.0787103
 -0.0790757
 -0.0787103
 -0.0776163
 -0.0758004
  -0.073274
 -0.0700536
 -0.0661617
 -0.0616265
 -0.0564834
 -0.0507746
 -0.0445496
 -0.0378655
 -0.0307861
 -0.0233818
 -0.0157286
-0.00790684
  0.0109142
   0.021711
  0.0322754
  0.0424963
  0.0522691
  0.0614966
  0.0700905
  0.0779722
  0.0850732
  0.0913351
  0.0967091
   0.101156
   0.104645
   0.107152
   0.108663
   0.109168
   0.108663
   0.107152
   0.104645
   0.101156
  0.0967091
  0.0913351
  0.0850732
  0.0779722
  0.0700905
  0.0614966
  0.0522691
  0.0424963
  0.0322754
   0.021711
  0.0109142
-0.00814295
 -0.0161981
 -0.0240795
  -0.031704
 -0.0389935
 -0.0458755
 -0.0522841
 -0.0581608
 -0.0634547
 -0.0681223
 -0.0721275
 -0.0754413
 -0.0780409
 -0.0799092
 -0.0810348
 -0.0814107
 -0.0810348
 -0.0799092
 -0.0780409
 -0.0754413
 -0.0721275
 -0.0681223
 -0.0634547
 -0.0581608
 -0.0522841
 -0.0458755
 -0.0389935
  -0.031704
 -0.0240795
 -0.0161981
-0.00814295
   0.010702
  0.0212889
  0.0316478
  0.0416699
  0.0512526
  0.0603004
   0.068727
  0.0764552
  0.0834179
  0.0895577
   0.094827
  0.0991871
   0.102608
   0.105067
   0.106548
   0.107043
   0.106548
   0.105067
   0.102608
  0.0991871
   0.094827
  0.0895577
  0.0834179
  0.0764552
   0.068727
  0.0603004
  0.0512526
  0.0416699
  0.0316478
  0.0212889
   0.010702
-0.00837907
 -0.0166677
 -0.0247772
 -0.0326221
 -0.0401218
 -0.0472018
 -0.0537943
 -0.0598392
  -0.065284
 -0.0700843
 -0.0742031
 -0.0776105
 -0.0802834
 -0.0822044
 -0.0833616
 -0.0837481
 -0.0833616
 -0.0822044
 -0.0802834
 -0.0776105
 -0.0742031
 -0.0700843
  -0.065284
 -0.0598392
 -0.0537943
 -0.0472018
 -0.0401218
 -0.0326221
 -0.0247772
 -0.0166677
-0.00837907
  0.0104898
  0.0208668
  0.0310203
  0.0408438
  0.0502365
  0.0591052
  0.0673649
  0.0749401
   0.081765
  0.0877834
  0.0929485
  0.0972224
   0.100575
   0.102986
   0.104438
   0.104923
   0.104438
   0.102986
   0.100575
  0.0972224
  0.0929485
  0.0877834
   0.081765
  0.0749401
  0.0673649
  0.0591052
  0.0502365
  0.0408438
  0.0310203
  0.0208668
  0.0104898
-0.00861518
 -0.0171373
 -0.0254749
 -0.0335403
 -0.0412504
 -0.0485286
 -0.0553052
 -0.0615184
 -0.0671145
 -0.0720478
 -0.0762805
 -0.0797819
 -0.0825284
 -0.0845022
 -0.0856911
 -0.0860882
 -0.0856911
 -0.0845022
 -0.0825284
 -0.0797819
 -0.0762805
 -0.0720478
 -0.0671145
 -0.0615184
 -0.0553052
 -0.0485286
 -0.0412504
 -0.0335403
 -0.0254749
 -0.0171373
-0.00861518
  0.0102776
  0.0204447
  0.0303929
  0.0400179
   0.049221
  0.0579108
   0.066004
  0.0734267
  0.0801144
  0.0860119
  0.0910733
  0.0952615
  0.0985474
   0.100909
   0.102332
   0.102808
   0.102332
   0.100909
  0.0985474
  0.0952615
  0.0910733
  0.0860119
  0.0801144
  0.0734267
   0.066004
  0.0579108
   0.049221
  0.0400179
  0.0303929
  0.0204447
  0.0102776
 -0.0088513
 -0.0176069
 -0.0261728
 -0.0344587
 -0.0423794
 -0.0498559
 -0.0568169
 -0.0631988
 -0.0689465
 -0.0740132
   -0.07836
 -0.0819558
 -0.0847761
 -0.0868028
 -0.0880237
 -0.0884315
 -0.0880237
 -0.0868028
 -0.0847761
 -0.0819558
   -0.07836
 -0.0740132
 -0.0689465
 -0.0631988
 -0.0568169
 -0.0498559
 -0.0423794
 -0.0344587
 -0.0261728
 -0.0176069
 -0.0088513
  0.0100654
  0.0200226
  0.0297657
  0.0391923
   0.048206
  0.0567171
  0.0646443
   0.071915
  0.0784658
  0.0842429
  0.0892012
  0.0933042
  0.0965233
  0.0988373
   0.100231
   0.100697
   0.100231
  0.0988373
  0.0965233
  0.0933042
  0.0892012
  0.0842429
  0.0784658
   0.071915
  0.0646443
  0.0567171
   0.048206
  0.0391923
  0.0297657
  0.0200226
  0.0100654
-0.00908742
 -0.0180765
 -0.0268707
 -0.0353773
 -0.0435086
 -0.0511838
 -0.0583294
 -0.0648804
 -0.0707801
 -0.0759805
  -0.080442
 -0.0841323
 -0.0870268
 -0.0891068
 -0.0903597
 -0.0907782
 -0.0903597
 -0.0891068
 -0.0870268
 -0.0841323
  -0.080442
 -0.0759805
 -0.0707801
 -0.0648804
 -0.0583294
 -0.0511838
 -0.0435086
 -0.0353773
 -0.0268707
 -0.0180765
-0.00908742
 0.00985317
  0.0196006
  0.0291385
   0.038367
  0.0471914
  0.0555242
  0.0632856
  0.0704047
  0.0768192
  0.0824764
   0.087332
  0.0913501
  0.0945029
  0.0967692
  0.0981346
  0.0985907
  0.0981346
  0.0967692
  0.0945029
  0.0913501
   0.087332
  0.0824764
  0.0768192
  0.0704047
  0.0632856
  0.0555242
  0.0471914
   0.038367
  0.0291385
  0.0196006
 0.00985317
-0.00932354
 -0.0185461
 -0.0275687
 -0.0362961
 -0.0446383
 -0.0525124
  -0.059843
 -0.0665633
 -0.0726154
 -0.0779501
 -0.0825265
 -0.0863119
 -0.0892808
 -0.0914143
 -0.0926995
 -0.0931287
 -0.0926995
 -0.0914143
 -0.0892808
 -0.0863119
 -0.0825265
 -0.0779501
 -0.0726154
 -0.0665633
  -0.059843
 -0.0525124
 -0.0446383
 -0.0362961
 -0.0275687
 -0.0185461
-0.00932354
 0.00964099
  0.0191786
  0.0285115
  0.0375418
  0.0461772
  0.0543319
   0.061928
  0.0688957
  0.0751744
   0.080712
  0.0854654
  0.0893991
  0.0924858
  0.0947047
  0.0960416
  0.0964881
  0.0960416
  0.0947047
  0.0924858
  0.0893991
  0.0854654
   0.080712
  0.0751744
  0.0688957
   0.061928
  0.0543319
  0.0461772
  0.0375418
  0.0285115
  0.0191786
 0.00964099
-0.00955967
 -0.0190158
 -0.0282668
 -0.0372151
 -0.0457684
 -0.0538416
 -0.0613576
 -0.0682477
 -0.0744527
  -0.079922
 -0.0846139
 -0.0884948
 -0.0915385
 -0.0937258
 -0.0950433
 -0.0954833
 -0.0950433
 -0.0937258
 -0.0915385
 -0.0884948
 -0.0846139
  -0.079922
 -0.0744527
 -0.0682477
 -0.0613576
 -0.0538416
 -0.0457684
 -0.0372151
 -0.0282668
 -0.0190158
-0.00955967
  0.0094288
  0.0187567
  0.0278845
  0.0367169
  0.0451634
  0.0531403
  0.0605712
   0.067388
  0.0735311
  0.0789497
  0.0836011
  0.0874509
  0.0904717
  0.0926434
  0.0939519
   0.094389
  0.0939519
  0.0926434
  0.0904717
  0.0874509
  0.0836011
  0.0789497
  0.0735311
   0.067388
  0.0605712
  0.0531403
  0.0451634
  0.0367169
  0.0278845
  0.0187567
  0.0094288
 -0.0097958
 -0.0194855
 -0.0289651
 -0.0381344
  -0.046899
 -0.0551717
 -0.0628733
 -0.0699338
 -0.0762921
 -0.0818965
 -0.0867044
 -0.0906812
 -0.0938002
 -0.0960416
 -0.0973917
 -0.0978425
 -0.0973917
 -0.0960416
 -0.0938002
 -0.0906812
 -0.0867044
 -0.0818965
 -0.0762921
 -0.0699338
 -0.0628733
 -0.0551717
  -0.046899
 -0.0381344
 -0.0289651
 -0.0194855
 -0.0097958
 0.00921661
  0.0183347
  0.0272576
  0.0358921
  0.0441499
  0.0519491
  0.0592152
  0.0658813
  0.0718893
  0.0771891
   0.081739
   0.085505
  0.0884604
  0.0905851
  0.0918654
   0.092293
  0.0918654
  0.0905851
  0.0884604
   0.085505
   0.081739
  0.0771891
  0.0718893
  0.0658813
  0.0592152
  0.0519491
  0.0441499
  0.0358921
  0.0272576
  0.0183347
 0.00921661
 -0.0100319
 -0.0199553
 -0.0296634
 -0.0390539
 -0.0480301
 -0.0565026
 -0.0643903
 -0.0716215
 -0.0781337
 -0.0838739
 -0.0887982
 -0.0928715
 -0.0960662
 -0.0983619
 -0.0997448
  -0.100207
 -0.0997448
 -0.0983619
 -0.0960662
 -0.0928715
 -0.0887982
 -0.0838739
 -0.0781337
 -0.0716215
 -0.0643903
 -0.0565026
 -0.0480301
 -0.0390539
 -0.0296634
 -0.0199553
 -0.0100319
 0.00900443
  0.0179128
  0.0266308
  0.0350675
  0.0431367
  0.0507585
  0.0578599
  0.0643757
  0.0702487
  0.0754301
  0.0798788
  0.0835613
  0.0864515
  0.0885294
  0.0897815
  0.0901998
  0.0897815
  0.0885294
  0.0864515
  0.0835613
  0.0798788
  0.0754301
  0.0702487
  0.0643757
  0.0578599
  0.0507585
  0.0431367
  0.0350675
  0.0266308
  0.0179128
 0.00900443
 -0.0102681
  -0.020425
 -0.0303619
 -0.0399738
 -0.0491618
 -0.0578344
 -0.0659087
 -0.0733111
 -0.0799777
 -0.0858542
 -0.0908957
 -0.0950659
 -0.0983367
  -0.100687
  -0.102103
  -0.102576
  -0.102103
  -0.100687
 -0.0983367
 -0.0950659
 -0.0908957
 -0.0858542
 -0.0799777
 -0.0733111
 -0.0659087
 -0.0578344
 -0.0491618
 -0.0399738
 -0.0303619
  -0.020425
 -0.0102681
 0.00879225
  0.0174909
   0.026004
   0.034243
  0.0421237
  0.0495682
  0.0565052
  0.0628708
  0.0686093
  0.0736725
  0.0780202
  0.0816195
  0.0844446
  0.0864759
     0.0877
  0.0881089
     0.0877
  0.0864759
  0.0844446
  0.0816195
  0.0780202
  0.0736725
  0.0686093
  0.0628708
  0.0565052
  0.0495682
  0.0421237
   0.034243
   0.026004
  0.0174909
 0.00879225
 -0.0105042
 -0.0208949
 -0.0310605
 -0.0408939
  -0.050294
 -0.0591671
 -0.0674285
 -0.0750027
 -0.0818243
 -0.0878378
  -0.092997
 -0.0972648
  -0.100612
  -0.103018
  -0.104467
  -0.104951
  -0.104467
  -0.103018
  -0.100612
 -0.0972648
  -0.092997
 -0.0878378
 -0.0818243
 -0.0750027
 -0.0674285
 -0.0591671
  -0.050294
 -0.0408939
 -0.0310605
 -0.0208949
 -0.0105042
 0.00858008
   0.017069
  0.0253773
  0.0334186
   0.041111
  0.0483783
   0.055151
  0.0613667
  0.0669708
   0.071916
   0.076163
  0.0796793
  0.0824395
  0.0844244
  0.0856205
  0.0860201
  0.0856205
  0.0844244
  0.0824395
  0.0796793
   0.076163
   0.071916
  0.0669708
  0.0613667
   0.055151
  0.0483783
   0.041111
  0.0334186
  0.0253773
   0.017069
 0.00858008
 -0.0107404
 -0.0213647
 -0.0317593
 -0.0418144
 -0.0514269
 -0.0605009
 -0.0689498
 -0.0766964
 -0.0836737
 -0.0898248
 -0.0951024
 -0.0994683
  -0.102893
  -0.105354
  -0.106837
  -0.107332
  -0.106837
  -0.105354
  -0.102893
 -0.0994683
 -0.0951024
 -0.0898248
 -0.0836737
 -0.0766964
 -0.0689498
 -0.0605009
 -0.0514269
 -0.0418144
 -0.0317593
 -0.0213647
 -0.0107404
  0.0083679
  0.0166471
  0.0247506
  0.0325943
  0.0400984
  0.0471887
  0.0537972
  0.0598632
   0.065333
  0.0701605
  0.0743069
  0.0777405
  0.0804359
  0.0823744
  0.0835426
  0.0839329
  0.0835426
  0.0823744
  0.0804359
  0.0777405
  0.0743069
  0.0701605
   0.065333
  0.0598632
  0.0537972
  0.0471887
  0.0400984
  0.0325943
  0.0247506
  0.0166471
  0.0083679
 -0.0109765
 -0.0218347
 -0.0324582
 -0.0427353
 -0.0525604
 -0.0618357
 -0.0704727
 -0.0783923
  -0.085526
 -0.0918154
 -0.0972121
  -0.101677
  -0.105179
  -0.107696
  -0.109213
  -0.109719
  -0.109213
  -0.107696
  -0.105179
  -0.101677
 -0.0972121
 -0.0918154
  -0.085526
 -0.0783923
 -0.0704727
 -0.0618357
 -0.0525604
 -0.0427353
 -0.0324582
 -0.0218347
 -0.0109765
 0.00815573
  0.0162253
   0.024124
  0.0317701
  0.0390859
  0.0459992
  0.0524438
  0.0583601
  0.0636959
  0.0684058
  0.0724518
  0.0758026
  0.0784335
  0.0803256
  0.0814661
   0.081847
  0.0814661
  0.0803256
  0.0784335
  0.0758026
  0.0724518
  0.0684058
  0.0636959
  0.0583601
  0.0524438
  0.0459992
  0.0390859
  0.0317701
   0.024124
  0.0162253
 0.00815573
 -0.0112127
 -0.0223046
 -0.0331573
 -0.0436565
 -0.0536946
 -0.0631717
 -0.0719973
 -0.0800906
 -0.0873814
 -0.0938099
 -0.0993264
  -0.103891
  -0.107471
  -0.110045
  -0.111595
  -0.112113
  -0.111595
  -0.110045
  -0.107471
  -0.103891
 -0.0993264
 -0.0938099
 -0.0873814
 -0.0800906
 -0.0719973
 -0.0631717
 -0.0536946
 -0.0436565
 -0.0331573
 -0.0223046
 -0.0112127
 0.00794355
  0.0158034
  0.0234974
  0.0309459
  0.0380736
    0.04481
  0.0510906
  0.0568574
  0.0620592
  0.0666516
  0.0705973
  0.0738655
  0.0764319
  0.0782778
  0.0793904
  0.0797621
  0.0793904
  0.0782778
  0.0764319
  0.0738655
  0.0705973
  0.0666516
  0.0620592
  0.0568574
  0.0510906
    0.04481
  0.0380736
  0.0309459
  0.0234974
  0.0158034
 0.00794355
 -0.0114489
 -0.0227746
 -0.0338565
 -0.0445781
 -0.0548296
 -0.0645089
 -0.0735237
 -0.0817913
   -0.08924
 -0.0958084
  -0.101446
   -0.10611
  -0.109769
    -0.1124
  -0.113985
  -0.114514
  -0.113985
    -0.1124
  -0.109769
   -0.10611
  -0.101446
 -0.0958084
   -0.08924
 -0.0817913
 -0.0735237
 -0.0645089
 -0.0548296
 -0.0445781
 -0.0338565
 -0.0227746
 -0.0114489
 0.00773138
  0.0153816
  0.0228708
  0.0301218
  0.0370613
  0.0436209
  0.0497376
  0.0553549
  0.0604227
  0.0648977
  0.0687432
  0.0719289
  0.0744308
  0.0762305
  0.0773154
  0.0776778
  0.0773154
  0.0762305
  0.0744308
  0.0719289
  0.0687432
  0.0648977
  0.0604227
  0.0553549
  0.0497376
  0.0436209
  0.0370613
  0.0301218
  0.0228708
  0.0153816
 0.00773138
  -0.011685
 -0.0232447
 -0.0345559
 -0.0455002
 -0.0559653
 -0.0658474
  -0.075052
 -0.0834947
 -0.0911021
 -0.0978112
   -0.10357
  -0.108335
  -0.112074
  -0.114762
  -0.116381
  -0.116922
  -0.116381
  -0.114762
  -0.112074
  -0.108335
   -0.10357
 -0.0978112
 -0.0911021
 -0.0834947
  -0.075052
 -0.0658474
 -0.0559653
 -0.0455002
 -0.0345559
 -0.0232447
  -0.011685
 0.00751921
  0.0149597
  0.0222442
  0.0292977
  0.0360491
  0.0424318
  0.0483846
  0.0538525
  0.0587864
   0.063144
  0.0668893
  0.0699925
  0.0724299
  0.0741834
  0.0752406
  0.0755938
  0.0752406
  0.0741834
  0.0724299
  0.0699925
  0.0668893
   0.063144
  0.0587864
  0.0538525
  0.0483846
  0.0424318
  0.0360491
  0.0292977
  0.0222442
  0.0149597
 0.00751921
 -0.0119212
 -0.0237148
 -0.0352556
 -0.0464226
 -0.0571018
 -0.0671872
 -0.0765823
 -0.0852008
 -0.0929677
 -0.0998184
  -0.105699
  -0.110566
  -0.114386
  -0.117131
  -0.118786
  -0.119338
  -0.118786
  -0.117131
  -0.114386
  -0.110566
  -0.105699
 -0.0998184
 -0.0929677
 -0.0852008
 -0.0765823
 -0.0671872
 -0.0571018
 -0.0464226
 -0.0352556
 -0.0237148
 -0.0119212
 0.00730703
  0.0145379
  0.0216176
  0.0284736
  0.0350368
  0.0412427
  0.0470316
    0.05235
    0.05715
  0.0613902
  0.0650352
  0.0680559
  0.0704289
  0.0721363
  0.0731656
  0.0735096
  0.0731656
  0.0721363
  0.0704289
  0.0680559
  0.0650352
  0.0613902
    0.05715
    0.05235
  0.0470316
  0.0412427
  0.0350368
  0.0284736
  0.0216176
  0.0145379
 0.00730703
 -0.0121574
  -0.024185
 -0.0359554
 -0.0473455
 -0.0582392
 -0.0685284
 -0.0781146
 -0.0869098
 -0.0948371
   -0.10183
  -0.107834
  -0.112804
  -0.116704
  -0.119508
  -0.121198
  -0.121762
  -0.121198
  -0.119508
  -0.116704
  -0.112804
  -0.107834
   -0.10183
 -0.0948371
 -0.0869098
 -0.0781146
 -0.0685284
 -0.0582392
 -0.0473455
 -0.0359554
  -0.024185
 -0.0121574
 0.00709486
   0.014116
  0.0209909
  0.0276494
  0.0340245
  0.0400535
  0.0456785
  0.0508474
  0.0555134
  0.0596361
  0.0631809
   0.066119
  0.0684275
  0.0700886
  0.0710902
  0.0714249
  0.0710902
  0.0700886
  0.0684275
   0.066119
  0.0631809
  0.0596361
  0.0555134
  0.0508474
  0.0456785
  0.0400535
  0.0340245
  0.0276494
  0.0209909
   0.014116
 0.00709486
 -0.0123936
 -0.0246553
 -0.0366554
 -0.0482689
 -0.0593775
  -0.069871
 -0.0796491
 -0.0886218
 -0.0967104
  -0.103847
  -0.109975
  -0.115048
   -0.11903
  -0.121893
  -0.123619
  -0.124195
  -0.123619
  -0.121893
   -0.11903
  -0.115048
  -0.109975
  -0.103847
 -0.0967104
 -0.0886218
 -0.0796491
  -0.069871
 -0.0593775
 -0.0482689
 -0.0366554
 -0.0246553
 -0.0123936
 0.00688269
  0.0136942
  0.0203643
  0.0268252
  0.0330121
  0.0388641
  0.0443252
  0.0493444
  0.0538765
  0.0578816
   0.061326
  0.0641814
  0.0664253
  0.0680402
   0.069014
  0.0693394
   0.069014
  0.0680402
  0.0664253
  0.0641814
   0.061326
  0.0578816
  0.0538765
  0.0493444
  0.0443252
  0.0388641
  0.0330121
  0.0268252
  0.0203643
  0.0136942
 0.00688269
 -0.0126298
 -0.0251256
 -0.0373556
 -0.0491928
 -0.0605167
 -0.0712152
 -0.0811859
 -0.0903369
 -0.0985877
  -0.105869
  -0.112122
    -0.1173
  -0.121364
  -0.124287
  -0.126048
  -0.126637
  -0.126048
  -0.124287
  -0.121364
    -0.1173
  -0.112122
  -0.105869
 -0.0985877
 -0.0903369
 -0.0811859
 -0.0712152
 -0.0605167
 -0.0491928
 -0.0373556
 -0.0251256
 -0.0126298
 0.00667051
  0.0132723
  0.0197376
   0.026001
  0.0319996
  0.0376746
  0.0429716
  0.0478411
  0.0522389
  0.0561264
  0.0594703
  0.0622429
  0.0644221
  0.0659907
  0.0669366
  0.0672527
  0.0669366
  0.0659907
  0.0644221
  0.0622429
  0.0594703
  0.0561264
  0.0522389
  0.0478411
  0.0429716
  0.0376746
  0.0319996
   0.026001
  0.0197376
  0.0132723
 0.00667051
 -0.0128661
  -0.025596
 -0.0380561
 -0.0501172
 -0.0616569
 -0.0725609
  -0.082725
 -0.0920553
  -0.100469
  -0.107896
  -0.114275
  -0.119558
  -0.123706
  -0.126689
  -0.128487
  -0.129087
  -0.128487
  -0.126689
  -0.123706
  -0.119558
  -0.114275
  -0.107896
  -0.100469
 -0.0920553
  -0.082725
 -0.0725609
 -0.0616569
 -0.0501172
 -0.0380561
  -0.025596
 -0.0128661
 0.00645834
  0.0128504
  0.0191109
  0.0251766
  0.0309869
  0.0364848
  0.0416175
  0.0463372
  0.0506007
  0.0543702
  0.0576135
  0.0603032
  0.0624176
  0.0639397
  0.0648577
  0.0651645
  0.0648577
  0.0639397
  0.0624176
  0.0603032
  0.0576135
  0.0543702
  0.0506007
  0.0463372
  0.0416175
  0.0364848
  0.0309869
  0.0251766
  0.0191109
  0.0128504
 0.00645834
 -0.0131023
 -0.0260665
 -0.0387568
 -0.0510422
  -0.062798
 -0.0739083
 -0.0842665
  -0.093777
  -0.102355
  -0.109929
  -0.116435
  -0.121824
  -0.126056
    -0.1291
  -0.130934
  -0.131547
  -0.130934
    -0.1291
  -0.126056
  -0.121824
  -0.116435
  -0.109929
  -0.102355
  -0.093777
 -0.0842665
 -0.0739083
  -0.062798
 -0.0510422
 -0.0387568
 -0.0260665
 -0.0131023
 0.00624616
  0.0124285
  0.0184842
  0.0243521
   0.029974
  0.0352946
   0.040263
  0.0448326
  0.0489615
   0.052613
  0.0557554
   0.058362
  0.0604114
  0.0618869
  0.0627769
  0.0630743
  0.0627769
  0.0618869
  0.0604114
   0.058362
  0.0557554
   0.052613
  0.0489615
  0.0448326
   0.040263
  0.0352946
   0.029974
  0.0243521
  0.0184842
  0.0124285
 0.00624616
 -0.0133385
  -0.026537
 -0.0394577
 -0.0519677
 -0.0639402
 -0.0752574
 -0.0858106
 -0.0955022
  -0.104246
  -0.111967
  -0.118602
  -0.124098
  -0.128415
   -0.13152
  -0.133392
  -0.134017
  -0.133392
   -0.13152
  -0.128415
  -0.124098
  -0.118602
  -0.111967
  -0.104246
 -0.0955022
 -0.0858106
 -0.0752574
 -0.0639402
 -0.0519677
 -0.0394577
  -0.026537
 -0.0133385
 0.00603398
  0.0120066
  0.0178574
  0.0235276
  0.0289608
  0.0341041
  0.0389079
  0.0433272
  0.0473214
  0.0508545
  0.0538957
   0.056419
  0.0584031
   0.059832
  0.0606938
  0.0609819
  0.0606938
   0.059832
  0.0584031
   0.056419
  0.0538957
  0.0508545
  0.0473214
  0.0433272
  0.0389079
  0.0341041
  0.0289608
  0.0235276
  0.0178574
  0.0120066
 0.00603398
 -0.0135748
 -0.0270076
 -0.0401589
 -0.0528937
 -0.0650835
 -0.0766082
 -0.0873572
  -0.097231
  -0.106141
  -0.114011
  -0.120775
   -0.12638
  -0.130783
   -0.13395
   -0.13586
  -0.136498
   -0.13586
   -0.13395
  -0.130783
   -0.12638
  -0.120775
  -0.114011
  -0.106141
  -0.097231
 -0.0873572
 -0.0766082
 -0.0650835
 -0.0528937
 -0.0401589
 -0.0270076
 -0.0135748
 0.00582179
  0.0115847
  0.0172305
  0.0227028
  0.0279474
  0.0329131
  0.0375522
  0.0418209
    0.04568
  0.0490945
  0.0520343
  0.0544739
  0.0563926
  0.0577746
  0.0586082
  0.0588869
  0.0586082
  0.0577746
  0.0563926
  0.0544739
  0.0520343
  0.0490945
    0.04568
  0.0418209
  0.0375522
  0.0329131
  0.0279474
  0.0227028
  0.0172305
  0.0115847
 0.00582179
  -0.013811
 -0.0274783
 -0.0408604
 -0.0538204
 -0.0662279
 -0.0779608
 -0.0889066
 -0.0989636
  -0.108041
  -0.116061
  -0.122956
   -0.12867
   -0.13316
   -0.13639
  -0.138338
  -0.138989
  -0.138338
   -0.13639
   -0.13316
   -0.12867
  -0.122956
  -0.116061
  -0.108041
 -0.0989636
 -0.0889066
 -0.0779608
 -0.0662279
 -0.0538204
 -0.0408604
 -0.0274783
  -0.013811
 0.00560961
  0.0111627
  0.0166036
  0.0218779
  0.0269337
  0.0317216
  0.0361957
  0.0403136
  0.0440372
  0.0473327
  0.0501708
  0.0525264
  0.0543795
  0.0557143
  0.0565197
  0.0567889
  0.0565197
  0.0557143
  0.0543795
  0.0525264
  0.0501708
  0.0473327
  0.0440372
  0.0403136
  0.0361957
  0.0317216
  0.0269337
  0.0218779
  0.0166036
  0.0111627
 0.00560961
 -0.0140473
 -0.0279491
 -0.0415621
 -0.0547477
 -0.0673734
 -0.0793153
 -0.0904588
    -0.1007
  -0.109947
  -0.118118
  -0.125144
  -0.130969
  -0.135547
  -0.138841
  -0.140827
  -0.141491
  -0.140827
  -0.138841
  -0.135547
  -0.130969
  -0.125144
  -0.118118
  -0.109947
    -0.1007
 -0.0904588
 -0.0793153
 -0.0673734
 -0.0547477
 -0.0415621
 -0.0279491
 -0.0140473
 0.00539742
  0.0107407
  0.0159766
  0.0210529
  0.0259197
  0.0305296
  0.0348383
   0.038805
  0.0423929
  0.0455691
   0.048305
  0.0505764
  0.0523635
   0.053651
  0.0544278
  0.0546875
  0.0544278
   0.053651
  0.0523635
  0.0505764
   0.048305
  0.0455691
  0.0423929
   0.038805
  0.0348383
  0.0305296
  0.0259197
  0.0210529
  0.0159766
  0.0107407
 0.00539742
 -0.0142836
 -0.0284199
 -0.0422641
 -0.0556756
 -0.0685202
 -0.0806718
 -0.0920139
  -0.102441
  -0.111857
  -0.120181
  -0.127341
  -0.133277
  -0.137943
  -0.141302
  -0.143327
  -0.144004
  -0.143327
  -0.141302
  -0.137943
  -0.133277
  -0.127341
  -0.120181
  -0.111857
  -0.102441
 -0.0920139
 -0.0806718
 -0.0685202
 -0.0556756
 -0.0422641
 -0.0284199
 -0.0142836
 0.00518523
  0.0103187
  0.0153494
  0.0202276
  0.0249052
  0.0293369
    0.03348
  0.0372952
  0.0407469
  0.0438033
  0.0464367
  0.0486234
  0.0503442
  0.0515841
  0.0523323
  0.0525824
  0.0523323
  0.0515841
  0.0503442
  0.0486234
  0.0464367
  0.0438033
  0.0407469
  0.0372952
    0.03348
  0.0293369
  0.0249052
  0.0202276
  0.0153494
  0.0103187
 0.00518523
 -0.0145199
 -0.0288909
 -0.0429664
 -0.0566042
 -0.0696681
 -0.0820303
  -0.093572
  -0.104185
  -0.113773
  -0.122251
  -0.129545
  -0.135594
   -0.14035
  -0.143774
  -0.145839
  -0.146529
  -0.145839
  -0.143774
   -0.14035
  -0.135594
  -0.129545
  -0.122251
  -0.113773
  -0.104185
  -0.093572
 -0.0820303
 -0.0696681
 -0.0566042
 -0.0429664
 -0.0288909
 -0.0145199
 0.00497303
 0.00989669
  0.0147222
   0.019402
  0.0238903
  0.0281435
  0.0321206
  0.0357839
   0.039099
  0.0420352
  0.0445656
  0.0466672
  0.0483214
  0.0495134
  0.0502328
  0.0504733
  0.0502328
  0.0495134
  0.0483214
  0.0466672
  0.0445656
  0.0420352
   0.039099
  0.0357839
  0.0321206
  0.0281435
  0.0238903
   0.019402
  0.0147222
 0.00989669
 0.00497303
 -0.0147562
 -0.0293619
  -0.043669
 -0.0575334
 -0.0708173
 -0.0833908
 -0.0951331
  -0.105934
  -0.115695
  -0.124327
  -0.131757
  -0.137921
  -0.142768
  -0.146257
  -0.148362
  -0.149066
  -0.148362
  -0.146257
  -0.142768
  -0.137921
  -0.131757
  -0.124327
  -0.115695
  -0.105934
 -0.0951331
 -0.0833908
 -0.0708173
 -0.0575334
  -0.043669
 -0.0293619
 -0.0147562
 0.00476083
 0.00947462
  0.0140949
  0.0185763
   0.022875
  0.0269493
  0.0307601
  0.0342711
  0.0374491
  0.0402645
  0.0426914
  0.0447076
  0.0462947
  0.0474386
   0.048129
  0.0483598
   0.048129
  0.0474386
  0.0462947
  0.0447076
  0.0426914
  0.0402645
  0.0374491
  0.0342711
  0.0307601
  0.0269493
   0.022875
  0.0185763
  0.0140949
 0.00947462
 0.00476083
 -0.0149925
  -0.029833
 -0.0443719
 -0.0584633
 -0.0719678
 -0.0847534
 -0.0966974
  -0.107687
  -0.117622
  -0.126411
  -0.133978
  -0.140257
  -0.145196
  -0.148752
  -0.150898
  -0.151615
  -0.150898
  -0.148752
  -0.145196
  -0.140257
  -0.133978
  -0.126411
  -0.117622
  -0.107687
 -0.0966974
 -0.0847534
 -0.0719678
 -0.0584633
 -0.0443719
  -0.029833
 -0.0149925
 0.00454862
 0.00905252
  0.0134675
  0.0177502
  0.0218591
  0.0257544
  0.0293984
  0.0327566
   0.035797
  0.0384912
   0.040814
  0.0427441
  0.0442638
  0.0453592
  0.0460205
  0.0462415
  0.0460205
  0.0453592
  0.0442638
  0.0427441
   0.040814
  0.0384912
   0.035797
  0.0327566
  0.0293984
  0.0257544
  0.0218591
  0.0177502
  0.0134675
 0.00905252
 0.00454862
 -0.0152288
 -0.0303042
  -0.045075
  -0.059394
 -0.0731197
 -0.0861183
  -0.098265
  -0.109445
  -0.119555
  -0.128502
  -0.136208
  -0.142604
  -0.147635
   -0.15126
  -0.153446
  -0.154177
  -0.153446
   -0.15126
  -0.147635
  -0.142604
  -0.136208
  -0.128502
  -0.119555
  -0.109445
  -0.098265
 -0.0861183
 -0.0731197
  -0.059394
  -0.045075
 -0.0303042
 -0.0152288
 0.00433641
 0.00863038
  0.0128399
  0.0169239
  0.0208428
  0.0245585
  0.0280354
  0.0312402
  0.0341425
  0.0367148
  0.0389331
  0.0407767
  0.0422285
  0.0432751
  0.0439069
  0.0441181
  0.0439069
  0.0432751
  0.0422285
  0.0407767
  0.0389331
  0.0367148
  0.0341425
  0.0312402
  0.0280354
  0.0245585
  0.0208428
  0.0169239
  0.0128399
 0.00863038
 0.00433641
 -0.0154651
 -0.0307755
 -0.0457786
 -0.0603254
 -0.0742729
 -0.0874854
 -0.0998359
  -0.111207
  -0.121494
  -0.130601
  -0.138446
  -0.144961
  -0.150086
  -0.153779
  -0.156007
  -0.156752
  -0.156007
  -0.153779
  -0.150086
  -0.144961
  -0.138446
  -0.130601
  -0.121494
  -0.111207
 -0.0998359
 -0.0874854
 -0.0742729
 -0.0603254
 -0.0457786
 -0.0307755
 -0.0154651
  0.0041242
 0.00820819
  0.0122122
  0.0160973
  0.0198258
  0.0233617
   0.026671
   0.029722
  0.0324855
  0.0349353
  0.0370484
  0.0388049
  0.0401883
  0.0411857
  0.0417879
  0.0419892
  0.0417879
  0.0411857
  0.0401883
  0.0388049
  0.0370484
  0.0349353
  0.0324855
   0.029722
   0.026671
  0.0233617
  0.0198258
  0.0160973
  0.0122122
 0.00820819
  0.0041242
 -0.0157015
  -0.031247
 -0.0464824
 -0.0612575
 -0.0754275
 -0.0888548
   -0.10141
  -0.112975
  -0.123439
  -0.132707
  -0.140694
  -0.147328
  -0.152549
  -0.156311
  -0.158582
  -0.159341
  -0.158582
  -0.156311
  -0.152549
  -0.147328
  -0.140694
  -0.132707
  -0.123439
  -0.112975
   -0.10141
 -0.0888548
 -0.0754275
 -0.0612575
 -0.0464824
  -0.031247
 -0.0157015
 0.00391198
 0.00778597
  0.0115844
  0.0152703
  0.0188083
   0.022164
  0.0253051
  0.0282016
  0.0308257
  0.0331525
  0.0351597
  0.0368285
   0.038143
  0.0390908
  0.0396631
  0.0398545
  0.0396631
  0.0390908
   0.038143
  0.0368285
  0.0351597
  0.0331525
  0.0308257
  0.0282016
  0.0253051
   0.022164
  0.0188083
  0.0152703
  0.0115844
 0.00778597
 0.00391198
 -0.0159378
 -0.0317185
 -0.0471866
 -0.0621904
 -0.0765836
 -0.0902265
  -0.102988
  -0.114747
  -0.125391
  -0.134822
  -0.142952
  -0.149706
  -0.155024
  -0.158857
   -0.16117
  -0.161943
   -0.16117
  -0.158857
  -0.155024
  -0.149706
  -0.142952
  -0.134822
  -0.125391
  -0.114747
  -0.102988
 -0.0902265
 -0.0765836
 -0.0621904
 -0.0471866
 -0.0317185
 -0.0159378
 0.00369975
 0.00736369
  0.0109564
   0.014443
  0.0177901
  0.0209651
  0.0239376
  0.0266791
  0.0291632
  0.0313661
  0.0332668
  0.0348472
  0.0360923
  0.0369901
  0.0375323
  0.0377136
  0.0375323
  0.0369901
  0.0360923
  0.0348472
  0.0332668
  0.0313661
  0.0291632
  0.0266791
  0.0239376
  0.0209651
  0.0177901
   0.014443
  0.0109564
 0.00736369
 0.00369975
 -0.0161742
 -0.0321901
 -0.0478911
 -0.0631241
 -0.0777411
 -0.0916007
   -0.10457
  -0.116524
  -0.127349
  -0.136944
  -0.145219
  -0.152096
  -0.157511
  -0.161415
  -0.163772
   -0.16456
  -0.163772
  -0.161415
  -0.157511
  -0.152096
  -0.145219
  -0.136944
  -0.127349
  -0.116524
   -0.10457
 -0.0916007
 -0.0777411
 -0.0631241
 -0.0478911
 -0.0321901
 -0.0161742
 0.00348752
 0.00694137
  0.0103282
  0.0136154
  0.0167712
  0.0197651
  0.0225685
  0.0251542
  0.0274976
  0.0295759
  0.0313694
  0.0328608
  0.0340358
  0.0348832
   0.035395
  0.0355661
   0.035395
  0.0348832
  0.0340358
  0.0328608
  0.0313694
  0.0295759
  0.0274976
  0.0251542
  0.0225685
  0.0197651
  0.0167712
  0.0136154
  0.0103282
 0.00694137
 0.00348752
 -0.0164106
 -0.0326618
  -0.048596
 -0.0640587
 -0.0789002
 -0.0929774
  -0.106155
  -0.118306
  -0.129314
  -0.139075
  -0.147496
  -0.154497
  -0.160011
  -0.163988
  -0.166389
  -0.167191
  -0.166389
  -0.163988
  -0.160011
  -0.154497
  -0.147496
  -0.139075
  -0.129314
  -0.118306
  -0.106155
 -0.0929774
 -0.0789002
 -0.0640587
  -0.048596
 -0.0326618
 -0.0164106
 0.00327528
   0.006519
  0.0096999
  0.0127873
  0.0157515
   0.018564
  0.0211976
  0.0236269
  0.0258287
  0.0277818
  0.0294672
  0.0308689
  0.0319733
  0.0327698
  0.0332508
  0.0334117
  0.0332508
  0.0327698
  0.0319733
  0.0308689
  0.0294672
  0.0277818
  0.0258287
  0.0236269
  0.0211976
   0.018564
  0.0157515
  0.0127873
  0.0096999
   0.006519
 0.00327528
  -0.016647
 -0.0331337
 -0.0493012
  -0.064994
 -0.0800609
 -0.0943567
  -0.107744
  -0.120093
  -0.131286
  -0.141215
  -0.149783
  -0.156909
  -0.162524
  -0.166574
   -0.16902
  -0.169838
   -0.16902
  -0.166574
  -0.162524
  -0.156909
  -0.149783
  -0.141215
  -0.131286
  -0.120093
  -0.107744
 -0.0943567
 -0.0800609
  -0.064994
 -0.0493012
 -0.0331337
  -0.016647
          0
          0
          0
          0
          0
          0
          0
          0
          0
          0
          0
          0
          0
          0
          0
          0
          0
          0
          0
          0
          0
          0
          0
          0
          0
          0
          0
          0
          0
          0
          0
