-0.0980171403295606
-0.19509032201612825
-0.29028467725446233
-0.3826834323650898
-0.47139673682599764
-0.5555702330196022
-0.6343932841636455
-0.7071067811865475
-0.773010453362737
-0.8314696123025452
-0.8819212643483549
-0.9238795325112867
-0.9569403357322089
-0.9807852804032304
-0.9951847266721968
-1.0
-0.9951847266721969
-0.9807852804032304
-0.9569403357322089
-0.9238795325112867
-0.881921264348355
-0.8314696123025455
-0.7730104533627371
-0.7071067811865476
-0.6343932841636455
-0.5555702330196022
-0.47139673682599786
-0.3826834323650899
-0.2902846772544624
-0.1950903220161286
-0.09801714032956083
-0.11313238901143412
-0.22517391725176586
-0.33504434442039066
-0.4416845589829485
-0.5440668640499208
-0.6412049343683989
-0.7321633433936551
-0.816066566259307
-0.8921073724333269
-0.9595545306036279
-1.0177597575491955
-1.0661638521090748
-1.104301964593129
-1.13180796087729
-1.148417848857001
-1.153972242839287
-1.1484178488570012
-1.13180796087729
-1.104301964593129
-1.0661638521090748
-1.0177597575491957
-0.9595545306036282
-0.892107372433327
-0.8160665662593071
-0.7321633433936551
-0.6412049343683989
-0.5440668640499211
-0.4416845589829486
-0.33504434442039077
-0.22517391725176628
-0.11313238901143438
-0.12824719943920343
-0.25525405685859875
-0.379792627655574
-0.5006596037209252
-0.6166882407121067
-0.726759829483717
-0.8298145809571824
-0.92486181003548
-1.0109893224181874
-1.0873719271811382
-1.1532790165945037
-1.208081171806381
-1.251255767847182
-1.2823915633013765
-1.3011922686388113
-1.3074790926121675
-1.3011922686388115
-1.2823915633013765
-1.251255767847182
-1.208081171806381
-1.153279016594504
-1.0873719271811384
-1.0109893224181874
-0.9248618100354802
-0.8298145809571824
-0.726759829483717
-0.616688240712107
-0.5006596037209253
-0.37979262765557403
-0.2552540568585992
-0.12824719943920374
-0.14336159316634906
-0.2853309107855846
-0.4245300868254588
-0.5596098492944237
-0.6892632643811653
-0.8122388432622849
-0.9273528405427428
-1.0335006047099804
-1.1296668755674357
-1.214934958841153
-1.2884947415247154
-1.349649540778639
-1.3978218024914275
-1.4325576816779482
-1.453530545152202
-1.4605434375022355
-1.4535305451522023
-1.4325576816779482
-1.3978218024914275
-1.349649540778639
-1.2884947415247154
-1.2149349588411535
-1.129666875567436
-1.0335006047099806
-0.9273528405427428
-0.8122388432622849
-0.6892632643811656
-0.5596098492944239
-0.4245300868254589
-0.2853309107855851
-0.1433615931663494
-0.15847559174635156
-0.31540464898168097
-0.4692572817954915
-0.6185365784188483
-0.7617943326257065
-0.8976459006008315
-1.024783965838852
-1.1419910424777227
-1.2481506041311905
-1.3422567823897504
-1.4234226323802666
-1.4908870082012822
-1.5440201255229238
-1.5823279100094616
-1.605455237531746
-1.6131881656930849
-1.6054552375317461
-1.5823279100094616
-1.5440201255229238
-1.4908870082012822
-1.4234226323802666
-1.3422567823897507
-1.2481506041311907
-1.1419910424777229
-1.024783965838852
-0.8976459006008315
-0.7617943326257068
-0.6185365784188486
-0.4692572817954916
-0.3154046489816815
-0.15847559174635192
-0.17358921673269145
-0.3454754413958454
-0.5139747724311188
-0.6774410738096028
-0.8342838430143406
-0.9829849263960847
-1.1221138005340254
-1.2503412155336207
-1.3664510803595693
-1.469350554633007
-1.558078389201593
-1.631811623249744
-1.6898707939387307
-1.7317238422983756
-1.7569889049120166
-1.7654361653683093
-1.7569889049120166
-1.7317238422983756
-1.6898707939387307
-1.631811623249744
-1.5580783892015935
-1.4693505546330075
-1.3664510803595693
-1.250341215533621
-1.1221138005340254
-0.9829849263960847
-0.8342838430143409
-0.6774410738096031
-0.5139747724311189
-0.345475441395846
-0.17358921673269187
-0.18870248967884928
-0.3755434579770356
-0.5586831185977867
-0.7363246181820915
-0.9067341931156773
-1.0682598455447732
-1.2193481883167783
-1.3585592160725883
-1.4845788765026897
-1.5962294323770005
-1.6924777120291314
-1.772441435099458
-1.8353938647359072
-1.880767072547147
-1.9081541064275875
-1.9173103247115022
-1.9081541064275878
-1.880767072547147
-1.8353938647359072
-1.772441435099458
-1.6924777120291317
-1.5962294323770008
-1.48457887650269
-1.3585592160725888
-1.2193481883167783
-1.0682598455447732
-0.9067341931156777
-0.7363246181820917
-0.5586831185977867
-0.3755434579770363
-0.18870248967884973
-0.20381543213830558
-0.40560886867420914
-0.6033828801609421
-0.7951884942517182
-0.9791477804983268
-1.1534745829436255
-1.316492972875627
-1.46665313628954
-1.6025445648106695
-1.7229065724278083
-1.826636300903317
-1.912794492925858
-1.9806093949115113
-2.029479194758234
-2.058973401213032
-2.068833531906258
-2.0589734012130325
-2.029479194758234
-1.9806093949115113
-1.912794492925858
-1.8266363009033173
-1.7229065724278088
-1.60254456481067
-1.4666531362895405
-1.316492972875627
-1.1534745829436255
-0.9791477804983273
-0.7951884942517184
-0.6033828801609422
-0.4056088686742099
-0.20381543213830602
-0.21892806566454087
-0.43567184343632365
-0.6480746169860314
-0.854033984733887
-1.0515270027308994
-1.23863306348937
-1.4135539978990859
-1.5746310683793898
-1.7203587175336272
-1.8493951315915074
-1.9605698558645865
-2.0528888459043775
-2.125537441462603
-2.177881802934094
-2.209469348402924
-2.2200286751361697
-2.2094693484029246
-2.177881802934094
-2.125537441462603
-2.0528888459043775
-1.9605698558645865
-1.8493951315915078
-1.7203587175336275
-1.5746310683793903
-1.4135539978990859
-1.23863306348937
-1.0515270027308998
-0.8540339847338873
-0.6480746169860316
-0.4356718434363245
-0.21892806566454137
-0.23404041181103566
-0.4657325522123368
-0.692758888938501
-0.9128623723440022
-1.1238742573820046
-1.323739212078735
-1.5105371070756717
-1.6825011045370515
-1.8380319069216804
-1.9757082666741757
-2.0942940769533753
-2.1927425432104495
-2.2701980613862416
-2.3259964910771846
-2.359664507131837
-2.3709186425848316
-2.3596645071318365
-2.3259964910771846
-2.2701980613862416
-2.1927425432104495
-2.0942940769533758
-1.975708266674176
-1.8380319069216806
-1.682501104537052
-1.5105371070756717
-1.323739212078735
-1.123874257382005
-0.9128623723440025
-0.692758888938501
-0.4657325522123376
-0.2340404118110362
-0.24915249213127058
-0.49579116495120606
-0.7374362558837974
-0.9716749397974674
-1.196191942020253
-1.4087969536084493
-1.6074481440938988
-1.79027133695744
-1.9555747052249464
-2.1018591344818898
-2.2278246642101203
-2.3323736340195085
-2.414611311679485
-2.4738448531899646
-2.509581436534343
-2.5215263224358373
-2.509581436534343
-2.4738448531899646
-2.414611311679485
-2.3323736340195085
-2.2278246642101207
-2.1018591344818907
-1.9555747052249468
-1.7902713369574401
-1.6074481440938988
-1.4087969536084493
-1.1961919420202536
-0.9716749397974677
-0.7374362558837975
-0.495791164951207
-0.24915249213127116
-0.264264328178726
-0.525847851601889
-0.782107277687367
-1.0304729698096868
-1.268482454214254
-1.493810212975241
-1.7042929526422834
-1.8979498578354679
-2.0729976846935436
-2.227860891820727
-2.361177317675257
-2.4718001675069865
-2.558797249339393
-2.62144848327489
-2.659242695745017
-2.67187460287278
-2.6592426957450175
-2.62144848327489
-2.558797249339393
-2.4718001675069865
-2.361177317675257
-2.227860891820728
-2.072997684693544
-1.8979498578354683
-1.7042929526422834
-1.493810212975241
-1.2684824542142545
-1.030472969809687
-0.7821072776873671
-0.52584785160189
-0.26426432817872664
-0.2793759415068827
-0.5559027821133434
-0.8267725142146565
-1.0892577450960645
-1.3407481915326183
-1.5787829150758386
-1.8010773764093413
-2.005544759366051
-2.1903114175775897
-2.3537266954967664
-2.494367737389221
-2.6110401928483187
-2.7027759313630244
-2.7688289753344195
-2.8086708438984322
-2.8219863720792544
-2.8086708438984327
-2.7688289753344195
-2.7027759313630244
-2.6110401928483187
-2.494367737389221
-2.353726695496767
-2.1903114175775897
-2.005544759366051
-1.8010773764093413
-1.5787829150758386
-1.340748191532619
-1.089257745096065
-0.8267725142146565
-0.5559027821133444
-0.27937594150688333
-0.29448735366922096
-0.5859561264345268
-0.871432525331112
-1.1480305483720046
-1.4129915515439553
-1.6637189848069707
-1.8978072590835873
-2.1130641337441016
-2.3075264761272027
-2.479469702316083
-2.6274116233924487
-2.7501117592189375
-2.8465674147474385
-2.91600792337101
-2.9578884401291616
-2.971884518238854
-2.9578884401291616
-2.91600792337101
-2.8465674147474385
-2.7501117592189375
-2.6274116233924487
-2.479469702316084
-2.3075264761272027
-2.113064133744102
-1.8978072590835873
-1.6637189848069707
-1.412991551543956
-1.148030548372005
-0.8714325253311122
-0.5859561264345279
-0.29448735366922163
-0.3095985862192215
-0.6160080545143968
-0.9160878709021805
-1.206792662352911
-1.485214931816876
-1.748622347065366
-1.9944884443535373
-2.2205160731645357
-2.4246534325924998
-2.6051030690847554
-2.760324675725376
-2.8890329157942767
-2.9901917564896934
-3.0630069213871205
-3.106918043571779
-3.121591929535172
-3.1069180435717794
-3.0630069213871205
-2.9901917564896934
-2.8890329157942767
-2.7603246757253763
-2.605103069084756
-2.4246534325925
-2.220516073164536
-1.9944884443535373
-1.748622347065366
-1.4852149318168766
-1.2067926623529113
-0.9160878709021806
-0.6160080545143979
-0.3095985862192222
-0.3247096607103648
-0.646058736301911
-0.9607391107933078
-1.2655453697541879
-1.5574207299199891
-1.8334969267477523
-2.091126775907707
-2.327908669822266
-2.5417028592236
-2.7306399526088603
-2.8931225944284393
-3.027821711749771
-3.1336690135868497
-3.209847563385208
-3.255782213360858
-3.2711314941518026
-3.2557822133608583
-3.209847563385208
-3.1336690135868497
-3.027821711749771
-2.8931225944284398
-2.730639952608861
-2.5417028592236006
-2.3279086698222664
-2.091126775907707
-1.8334969267477523
-1.5574207299199898
-1.2655453697541883
-0.960739110793308
-0.6460587363019122
-0.32470966071036556
-0.33982059869613135
-0.6761083417460271
-1.005386804869941
-1.3242899532912393
-1.6296113434219057
-1.9183466487508587
-2.1877280974346114
-2.4352500159122075
-2.65868532827062
-2.856093509694476
-3.025821079542075
-3.166496196260852
-3.277019243035965
-3.3565514433677297
-3.404503508630971
-3.4205261002723395
-3.404503508630972
-3.3565514433677297
-3.277019243035965
-3.166496196260852
-3.025821079542075
-2.8560935096944764
-2.6586853282706207
-2.4352500159122075
-2.1877280974346114
-1.9183466487508587
-1.6296113434219064
-1.3242899532912396
-1.0053868048699413
-0.6761083417460283
-0.3398205986961321
-0.3549314217300017
-0.7061570407957025
-1.0500315129975264
-1.383027695679469
-1.7017891698912353
-2.0031754379714135
-2.2842982526227664
-2.542548203629273
-2.7756114119836783
-2.9814768971476795
-3.158435831106718
-3.305074418502955
-3.4202625018340993
-3.503140155337144
-3.553104488516693
-3.5697986360803764
-3.553104488516694
-3.503140155337144
-3.4202625018340993
-3.305074418502955
-3.1584358311067184
-2.98147689714768
-2.7756114119836788
-2.542548203629274
-2.2842982526227664
-2.0031754379714135
-1.701789169891236
-1.3830276956794691
-1.0500315129975266
-0.7061570407957038
-0.3549314217300025
-0.37004215136545643
-0.736205003399895
-1.0946737950415102
-1.4417598796342814
-1.7739566068965882
-2.0879872193061444
-2.380843085160688
-2.6498113251683786
-2.8924916826128926
-3.106803271774547
-3.2909825491628046
-3.4435744276515114
-3.5634188469783106
-3.649635293295908
-3.701607712152597
-3.718971989759507
-3.701607712152597
-3.649635293295908
-3.5634188469783106
-3.4435744276515114
-3.290982549162805
-3.1068032717745475
-2.892491682612893
-2.649811325168379
-2.380843085160688
-2.0879872193061444
-1.7739566068965889
-1.4417598796342816
-1.0946737950415104
-0.7362050033998964
-0.37004215136545726
-0.385152809155976
-0.7662523995075621
-1.1393142108673393
-1.50048778787108
-1.846116052006574
-2.1727859176517805
-2.4773684387368906
-2.7570474727244365
-3.009336712408381
-3.2320857903811575
-3.423476933750772
-3.5820142728819575
-3.706508335465659
-3.79605845124648
-3.8500357386732555
-3.868069049493325
-3.850035738673256
-3.79605845124648
-3.706508335465659
-3.5820142728819575
-3.423476933750772
-3.2320857903811575
-3.009336712408382
-2.757047472724437
-2.4773684387368906
-2.1727859176517805
-1.846116052006575
-1.5004877878710803
-1.1393142108673395
-0.7662523995075635
-0.3851528091559769
-0.40026341665504106
-0.7962993990676615
-1.1839533203404597
-1.5592127031052694
-1.9182699027898034
-2.2575754579050504
-2.5738801570398904
-2.864264738492362
-3.1261570736202606
-3.3573376097735865
-3.5559346849110547
-3.720412003369724
-3.8495510242932025
-3.9424312231913183
-3.9984111272132434
-4.017112703465425
-3.9984111272132434
-3.9424312231913183
-3.8495510242932025
-3.720412003369724
-3.555934684911055
-3.3573376097735874
-3.1261570736202615
-2.8642647384923623
-2.5738801570398904
-2.2575754579050504
-1.9182699027898042
-1.5592127031052698
-1.1839533203404597
-0.796299399067663
-0.400263416655042
-0.41537399541613196
-0.8263461720291507
-1.2285916833263182
-1.6179359080522533
-1.9904205568148858
-2.3423597649626826
-2.6703840837582025
-2.9714712146670674
-3.24296333849865
-3.482571886757913
-3.6883715026840895
-3.858785668290246
-3.9925669704580007
-4.088775203132877
-4.146756436907133
-4.166125839859399
-4.146756436907133
-4.088775203132877
-3.9925669704580007
-3.858785668290246
-3.6883715026840895
-3.482571886757914
-3.242963338498651
-2.971471214667068
-2.6703840837582025
-2.3423597649626826
-1.9904205568148867
-1.6179359080522537
-1.2285916833263184
-0.8263461720291523
-0.4153739954161329
-0.4304845669927294
-0.8563928883409874
-1.2732298596903613
-1.6766586854274357
-2.0625704116504315
-2.427142763721405
-2.766886062580343
-3.078674993443469
-3.3597660792936668
-3.6078017781402134
-3.820803087110312
-3.997153316818957
-4.1355762309571125
-4.235111985073619
-4.295094226889497
-4.315131346858841
-4.295094226889497
-4.235111985073619
-4.1355762309571125
-3.997153316818957
-3.8208030871103125
-3.6078017781402143
-3.3597660792936677
-3.0786749934434696
-2.766886062580343
-2.427142763721405
-2.0625704116504324
-1.6766586854274361
-1.2732298596903617
-0.8563928883409889
-0.4304845669927304
-0.4455951529383139
-0.8864397179521292
-1.3178684092980353
-1.735382317946221
-2.1347218648650506
-2.511928379077947
-2.863391937194828
-3.1858841670164804
-3.476575868255429
-3.7330404407265663
-3.9532451382301588
-4.135532998131291
-4.2785988627875975
-4.381463163015999
-4.443447056294911
-4.464152112647348
-4.443447056294911
-4.381463163015999
-4.2785988627875975
-4.135532998131291
-3.9532451382301597
-3.7330404407265667
-3.4765758682554293
-3.1858841670164804
-2.863391937194828
-2.511928379077947
-2.1347218648650514
-1.7353823179462216
-1.3178684092980357
-0.8864397179521308
-0.4455951529383149
-0.46070577480636593
-0.9164868308115336
-1.362507892014787
-1.7941080883240133
-2.2068773140273534
-2.5967205359290353
-2.9599075512901707
-3.293106827581015
-3.593403277634054
-3.8583010313230472
-4.085713356084066
-4.2739427614026795
-4.421654922946513
-4.527850330962475
-4.591837484257947
-4.613211025408509
-4.5918374842579475
-4.527850330962475
-4.421654922946513
-4.2739427614026795
-4.085713356084066
-3.8583010313230477
-3.5934032776340543
-3.2931068275810156
-2.9599075512901707
-2.5967205359290353
-2.2068773140273548
-1.7941080883240137
-1.362507892014787
-0.9164868308115353
-0.460705774806367
-0.4758164541503661
-0.9465343968681583
-1.4071488677060622
-1.8528372792762162
-2.2790391567059496
-2.6815231591714004
-3.056438748554889
-3.400351067331987
-3.71025887967966
-3.9835967067357343
-4.218223440712469
-4.412400655808559
-4.56476446843092
-4.6742950829155046
-4.74028806991318
-4.762330973325922
-4.74028806991318
-4.6742950829155046
-4.56476446843092
-4.412400655808559
-4.218223440712469
-3.983596706735736
-3.7102588796796603
-3.4003510673319877
-3.056438748554889
-2.6815231591714004
-2.279039156705951
-1.8528372792762164
-1.4071488677060624
-0.9465343968681601
-0.47581645415036716
-0.4909272125237948
-0.9765825860709609
-1.451791896237308
-1.9115711735182335
-2.351209790469449
-2.766340173701769
-3.152991372677498
-3.5076249784643103
-3.8271532466423643
-4.108940623770706
-4.350791092155804
-4.55092473052436
-4.707947556237877
-4.8208190128775446
-4.8888213723951806
-4.911534844583176
-4.888821372395181
-4.8208190128775446
-4.707947556237877
-4.55092473052436
-4.350791092155804
-4.108940623770707
-3.827153246642365
-3.5076249784643108
-3.152991372677498
-2.766340173701769
-2.35120979046945
-1.911571173518234
-1.4517918962373084
-0.9765825860709627
-0.4909272125237959
-0.5060380714801327
-1.006631568368899
-1.496437537473971
-1.97031105376547
-2.423391612886462
-2.851175504416871
-3.2495712673465116
-3.6149366531729
-3.944096950772286
-4.234345939234037
-4.483432010454506
-4.689533034725518
-4.851224243364443
-4.967443714851056
-5.0374599508385245
-5.0608455273638695
-5.037459950838525
-4.967443714851056
-4.851224243364443
-4.689533034725518
-4.483432010454507
-4.234345939234038
-3.9440969507722863
-3.6149366531729004
-3.2495712673465116
-2.851175504416871
-2.423391612886463
-1.9703110537654704
-1.4964375374739713
-1.0066315683689009
-0.5060380714801338
-0.5211490525728604
-1.0366815137109302
-1.541086351281497
-2.0290582027333293
-2.4955870215255986
-2.9360330762134343
-3.3461842762504475
-3.7222941836526693
-4.061100564319542
-4.359825809931807
-4.616161895649014
-4.828243617587468
-4.994614586807676
-5.1141907828384925
-5.186226364377785
-5.210285909851594
-5.186226364377786
-5.1141907828384925
-4.994614586807676
-4.828243617587468
-4.6161618956490145
-4.359825809931809
-4.061100564319543
-3.72229418365267
-3.3461842762504475
-2.9360330762134343
-2.4955870215256
-2.02905820273333
-1.5410863512814974
-1.036681513710932
-0.5211490525728616
-0.5362601773554582
-1.0667325920460122
-1.5857388975253328
-2.0878139031372154
-2.567798413955469
-3.0209168139881872
-3.44283624307782
-3.829705662098533
-4.17817465953425
-4.485393392670093
-4.748996447779762
-4.967074528285639
-5.138138643564637
-5.261081810842315
-5.335143172147536
-5.359878880229943
-5.335143172147537
-5.261081810842315
-5.138138643564637
-4.967074528285639
-4.748996447779762
-4.485393392670095
-4.178174659534251
-3.8297056620985335
-3.44283624307782
-3.0209168139881872
-2.56779841395547
-2.0878139031372163
-1.585738897525333
-1.0667325920460142
-0.5362601773554594
-0.5513714673814069
-1.0967849733231025
-1.6303957360709251
-2.146579437692533
-2.6400281877446825
-3.105830642637858
-3.539533011517145
-3.9371791807054044
-4.295329808666529
-4.611061844254972
-4.881951366887185
-5.106043815995468
-5.281816470632383
-5.408138392864979
-5.48423293328235
-5.5096473266825114
-5.48423293328235
-5.408138392864979
-5.281816470632383
-5.106043815995468
-4.8819513668871855
-4.611061844254973
-4.295329808666529
-3.937179180705405
-3.539533011517145
-3.105830642637858
-2.640028187744684
-2.1465794376925333
-1.6303957360709254
-1.0967849733231045
-0.5513714673814081
-0.5664829442041868
-1.1268388274911587
-1.6750574267837204
-2.205356089114685
-2.7122787404618496
-3.1907784870591755
-3.636280425256937
-4.044722831668198
-4.412576583966495
-4.73684432149252
-5.015042353011721
-5.2451695298923875
-5.425668125007974
-5.555382122908942
-5.6335182069168
-5.659614137392892
-5.6335182069168
-5.555382122908942
-5.425668125007974
-5.2451695298923875
-5.015042353011722
-4.736844321492522
-4.412576583966495
-4.0447228316681985
-3.636280425256937
-3.1907784870591755
-2.712278740461851
-2.205356089114686
-1.6750574267837206
-1.1268388274911607
-0.5664829442041881
-0.5815946293772786
-1.1568943244991385
-1.7197245295291645
-2.264145140119076
-2.784552469675581
-3.2757642721488685
-3.733084327985713
-4.152344707181827
-4.529925557684267
-4.862753981188817
-5.148285106193805
-5.384469719151832
-5.569713663688469
-5.702834594976665
-5.783021552185459
-5.809802200544679
-5.78302155218546
-5.702834594976665
-5.569713663688469
-5.384469719151832
-5.148285106193805
-4.862753981188819
-4.529925557684268
-4.152344707181828
-3.733084327985713
-3.2757642721488685
-2.784552469675582
-2.264145140119077
-1.719724529529165
-1.1568943244991405
-0.5815946293772799
-0.5967065444541627
-1.1869516342959994
-1.7643976041727047
-2.32294787342111
-2.856851772954485
-3.3607919228036645
-3.8299505633919884
-4.260052899441208
-4.647387302069963
-4.988803980149938
-5.281695326473874
-5.523962432949233
-5.713973143670927
-5.850517403070602
-5.932765528222903
-5.960234404321466
-5.9327655282229035
-5.850517403070602
-5.713973143670927
-5.523962432949233
-5.281695326473875
-4.98880398014994
-4.647387302069964
-4.260052899441208
-3.8299505633919884
-3.3607919228036645
-2.8568517729544864
-2.322947873421111
-1.7643976041727052
-1.1869516342960016
-0.596706544454164
-0.6118187109883196
-1.2170109268306992
-1.809077210579787
-2.381765571736192
-2.9291790478671738
-3.4458653639202925
-3.926884975164278
-4.367855500641252
-4.764972389373701
-5.115007475181962
-5.415288713892362
-5.663665720460027
-5.858466621952406
-5.998452141193212
-6.082772694163703
-6.1109336369068465
-6.082772694163704
-5.998452141193212
-5.858466621952406
-5.663665720460027
-5.415288713892363
-5.115007475181963
-4.7649723893737015
-4.3678555006412525
-3.926884975164278
-3.4458653639202925
-2.929179047867175
-2.3817655717361927
-1.8090772105797874
-1.2170109268307014
-0.6118187109883212
-0.6269311505332302
-1.2470723720521952
-1.853763908615858
-2.440599517779724
-3.0015366919822557
-3.5309885203954807
-4.023893406991098
-4.475760602976874
-4.882691391845597
-5.2413776230909646
-5.549080968489708
-5.8035976308596435
-6.0032141555299665
-6.146660403346953
-6.233065609142434
-6.261922786484415
-6.233065609142434
-6.146660403346953
-6.0032141555299665
-5.8035976308596435
-5.549080968489708
-5.241377623090967
-4.882691391845598
-4.475760602976876
-4.023893406991098
-3.5309885203954807
-3.001536691982257
-2.4405995177797255
-1.8537639086158586
-1.2470723720521975
-0.6269311505332316
-0.6420438846423745
-1.2771361399094452
-1.898458258146364
-2.499450994267112
-3.0739271028683417
-3.616165317125958
-4.120981702560962
-4.583776298642991
-5.000554881735772
-5.367927580683025
-5.683087790306345
-5.9437762133235195
-6.148235801400667
-6.295163783534282
-6.3836668322936685
-6.413224741237764
-6.3836668322936685
-6.295163783534282
-6.148235801400667
-5.9437762133235195
-5.683087790306346
-5.367927580683027
-5.000554881735773
-4.5837762986429915
-4.120981702560962
-3.616165317125958
-3.073927102868343
-2.499450994267113
-1.8984582581463643
-1.2771361399094476
-0.642043884642376
-0.6571569348692337
-1.307202400351407
-1.943160819036752
-2.558321283913759
-3.1463526780940416
-3.701399679008453
-4.218155705562388
-4.691910679834513
-5.118573431294342
-5.49467050476422
-5.817324879382712
-6.084219517027087
-6.293551616561567
-6.443983875757658
-6.5345989227519805
-6.5648623893504885
-6.5345989227519805
-6.443983875757658
-6.293551616561567
-6.084219517027087
-5.817324879382713
-5.494670504764222
-5.118573431294342
-4.691910679834514
-4.218155705562388
-3.701399679008453
-3.1463526780940434
-2.55832128391376
-1.9431608190367522
-1.3072024003514093
-0.6571569348692352
-0.6722703227672875
-1.3372713233270377
-1.9878721511524677
-2.6172116694350693
-3.2188158152279653
-3.786695530939693
-4.315421259683891
-4.800171838746357
-5.236757612771424
-5.621619552140626
-5.951807935759242
-6.22494559114578
-6.439181658009725
-6.593142274019536
-6.685884439651943
-6.716858619006182
-6.685884439651944
-6.593142274019536
-6.439181658009725
-6.22494559114578
-5.951807935759242
-5.621619552140627
-5.236757612771425
-4.8001718387463574
-4.315421259683891
-3.786695530939693
-3.218815815227967
-2.61721166943507
-1.9878721511524682
-1.3372713233270401
-0.672270322767289
-0.6873840698900172
-1.3673430787852952
-2.032592814358958
-2.6761234335464468
-3.2913189118387227
-3.8720567978164078
-4.412784208613986
-4.908567867573432
-5.355117998417137
-5.7487878796183205
-6.086552659476372
-6.365972484855032
-6.585145982742199
-6.742660572322378
-6.837545942128131
-6.869236318388437
-6.837545942128131
-6.742660572322378
-6.585145982742199
-6.365972484855032
-6.086552659476373
-5.748787879618323
-5.355117998417138
-4.908567867573434
-4.412784208613986
-3.8720567978164078
-3.2913189118387245
-2.676123433546448
-2.0325928143589587
-1.3673430787852978
-0.6873840698900188
-0.7024981977909028
-1.397417836675137
-2.07732336852167
-2.7350578589632955
-3.363864365494924
-3.9574874045353248
-4.5102503960411875
-5.01710685851066
-5.473665160481599
-5.876188644003381
-6.22157475057454
-6.507318247330276
-6.7314646477560505
-6.892560364668638
-6.989605989315115
-7.022018375680849
-6.989605989315115
-6.892560364668638
-6.7314646477560505
-6.507318247330276
-6.221574750574541
-5.876188644003384
-5.473665160481599
-5.017106858510662
-4.5102503960411875
-3.9574874045353248
-3.363864365494926
-2.735057858963297
-2.0773233685216703
-1.3974178366751397
-0.7024981977909046
-0.7176127280234251
-1.427495766945521
-2.1220643735060487
-2.7940162284010195
-3.4364545737651793
-4.042991275993172
-4.607825665654014
-5.12579690375295
-5.592409671214927
-6.003835002101885
-6.356889909094179
-6.649000927746946
-6.878157710048335
-7.042863245060773
-7.142087140347469
-7.17522767906701
-7.14208714034747
-7.042863245060773
-6.878157710048335
-6.649000927746946
-6.35688990909418
-6.003835002101888
-5.592409671214927
-5.125796903752951
-4.607825665654014
-4.042991275993172
-3.436454573765181
-2.7940162284010204
-2.122064373506049
-1.4274957669455237
-0.7176127280234269
-0.7327276821410648
-1.4575770395454046
-2.166816389177542
-2.852999824575023
-3.5090919342180986
-4.1285723370866805
-4.705515861140978
-5.234646095495216
-5.711362102867239
-6.131740110719912
-6.492513835075728
-6.791038575280475
-7.025245226616116
-7.193590807501245
-7.29501195435977
-7.328887116730516
-7.2950119543597705
-7.193590807501245
-7.025245226616116
-6.791038575280475
-6.492513835075728
-6.131740110719915
-5.71136210286724
-5.234646095495218
-4.705515861140978
-4.1285723370866805
-3.5090919342181004
-2.8529998245750243
-2.1668163891775425
-1.4575770395454075
-0.7327276821410663
-0.747843081697302
-1.4876618244237454
-2.211579975401596
-2.9120099302007096
-3.581778844422292
-4.214234512712577
-4.803326826190595
-5.343662525932374
-5.830533027688654
-6.259917126663536
-6.62846222855962
-6.933449239106299
-7.172747254456449
-7.344764645992509
-7.4484029904865885
-7.483019576854959
-7.448402990486589
-7.344764645992509
-7.172747254456449
-6.933449239106299
-6.628462228559621
-6.259917126663538
-5.830533027688655
-5.343662525932376
-4.803326826190595
-4.214234512712577
-3.5817788444222938
-2.912009930200711
-2.2115799754015963
-1.4876618244237483
-0.7478430816973037
-0.7629589482456175
-1.5177502915295011
-2.2563556920436567
-2.971047827993484
-3.6545177019463697
-4.299981727767588
-4.901264404491384
-5.452854287259338
-5.949933017929289
-6.388379206738835
-6.764750789586294
-7.076250968399848
-7.320683850566394
-7.496406354537021
-7.602282807862498
-7.637647947623933
-7.602282807862499
-7.496406354537021
-7.320683850566394
-7.076250968399848
-6.764750789586295
-6.388379206738838
-5.94993301792929
-5.452854287259339
-4.901264404491384
-4.299981727767588
-3.6545177019463715
-2.9710478279934853
-2.256355692043657
-1.517750291529504
-0.7629589482456193
-0.7780753033394917
-1.5478426108116292
-2.301144098969171
-3.0301148006687506
-3.727310904358941
-4.3858179071484455
-4.999334439731857
-5.562229471671022
-6.069572645839261
-6.517139507751888
-6.901395218196185
-7.219461812336558
-7.46907507194301
-7.648537527137242
-7.756673965622073
-7.792795117221033
-7.756673965622073
-7.648537527137242
-7.46907507194301
-7.219461812336558
-6.901395218196185
-6.5171395077518905
-6.069572645839262
-5.5622294716710226
-4.999334439731857
-4.3858179071484455
-3.727310904358943
-3.0301148006687515
-2.3011440989691714
-1.5478426108116323
-0.7780753033394935
-0.7931921685324055
-1.5779389522190874
-2.345945756043585
-3.089212130941912
-3.800160849228617
-4.471746975751876
-5.097542775600531
-5.671796171362338
-6.189462483668691
-6.646211186508771
-7.038411214429726
-7.363099820091861
-7.617940975583356
-7.801179757795628
-7.911599022899885
-7.948483973829852
-7.911599022899885
-7.801179757795628
-7.617940975583356
-7.363099820091861
-7.038411214429727
-6.646211186508774
-6.189462483668691
-5.671796171362338
-5.097542775600531
-4.471746975751876
-3.800160849228619
-3.089212130941913
-2.3459457560435855
-1.5779389522190905
-0.7931921685324073
-0.8083095653778389
-1.6080394857008333
-2.3907612231323454
-3.148341101528373
-3.873069934124007
-4.557772858474609
-5.195895255785921
-5.781562478528201
-6.309613103667693
-6.775607399815562
-7.175814478327358
-7.507183040841191
-7.767301618484493
-7.954354640514637
-8.06708053883051
-8.104737405633982
-8.06708053883051
-7.954354640514637
-7.767301618484493
-7.507183040841191
-7.175814478327359
-6.775607399815565
-6.309613103667694
-5.781562478528203
-5.195895255785921
-4.557772858474609
-3.8730699341240094
-3.1483411015283744
-2.390761223132346
-1.6080394857008364
-0.8083095653778409
-0.823427515429273
-1.6381443812058245
-2.435591060100899
-3.2075029951435376
-3.9460405566137213
-4.6438994802133715
-5.294397723976544
-5.891536485363527
-6.430035078086386
-6.905341304478338
-7.3136207099295145
-7.6517295237599825
-7.917177057643478
-8.108083769296728
-8.223141072548522
-8.261578300817018
-8.223141072548522
-8.108083769296728
-7.917177057643478
-7.6517295237599825
-7.3136207099295145
-6.905341304478339
-6.430035078086387
-5.891536485363528
-5.294397723976544
-4.6438994802133715
-3.9460405566137235
-3.207502995143539
-2.435591060100899
-1.6381443812058276
-0.8234275154292747
-0.8385460402401876
-1.6682538086830185
-2.4804358268146913
-3.26669909450281
-4.01907511426637
-4.730130765864892
-5.393056023860913
-6.001726284063229
-6.55073897917489
-7.035426057303175
-7.451845609276631
-7.796757318023668
-8.06758735005737
-8.262388738144356
-8.379803183188491
-8.419029547562555
-8.379803183188491
-8.262388738144356
-8.06758735005737
-7.796757318023668
-7.451845609276632
-7.0354260573031775
-6.5507389791748905
-6.0017262840632295
-5.393056023860913
-4.730130765864892
-4.019075114266371
-3.2666990945028114
-2.4804358268146918
-1.6682538086830219
-0.8385460402401896
-0.853665161364064
-1.698367938081373
-2.5252960831391698
-3.3259306823215944
-4.092176004650563
-4.816470640325901
-5.491875999127545
-6.1121399668222205
-6.671735379183319
-7.165874815096153
-7.590504876409145
-7.94228447280768
-8.218552552723226
-8.417291141059982
-8.537089429884992
-8.577114034054187
-8.537089429884992
-8.417291141059982
-8.218552552723226
-7.94228447280768
-7.590504876409146
-7.1658748150961555
-6.67173537918332
-6.112139966822221
-5.491875999127545
-4.816470640325901
-4.092176004650565
-3.3259306823215953
-2.52529608313917
-1.6983679380813763
-0.8536651613640658
-0.8687849003543822
-1.7284869393498459
-2.5701723889397807
-3.3851990413152944
-4.1653456253349095
-4.902923028493126
-5.590863493464956
-6.222785625835415
-6.793034850361795
-7.2967007346633475
-7.729614211367492
-8.088329037287455
-8.370092722638109
-8.57281257204606
-8.695022371772597
-8.735854648475504
-8.695022371772598
-8.57281257204606
-8.370092722638109
-8.088329037287455
-7.729614211367493
-7.29670073466335
-6.793034850361796
-6.222785625835416
-5.590863493464956
-4.902923028493126
-4.165345625334911
-3.3851990413152957
-2.570172388939781
-1.728486939349849
-0.8687849003543842
-0.8839052787646229
-1.7586109824373939
-2.61506530408197
-3.4445054541993136
-4.23858637388802
-4.989491855263293
-5.690024350561661
-6.333671353297729
-6.914647964960432
-7.427916972810835
-7.869189314192106
-8.234909060638422
-8.522227916799077
-8.728974625105048
-8.853624567985882
-8.895274279010103
-8.853624567985882
-8.728974625105048
-8.522227916799077
-8.234909060638422
-7.8691893141921065
-7.427916972810838
-6.914647964960433
-6.33367135329773
-5.690024350561661
-4.989491855263293
-4.238586373888022
-3.444505454199315
-2.6150653040819702
-1.7586109824373972
-0.8839052787646249
-0.899026318148267
-1.7887402372929757
-2.659975388431185
-3.5038512036890572
-4.311900647878506
-5.076181045533135
-5.789364414106175
-6.444805241404074
-7.036585295229351
-7.559536686344696
-8.009245884923429
-8.382042592036024
-8.674978192203186
-8.885798894239407
-9.012918577659422
-9.055395813841578
-9.012918577659422
-8.885798894239407
-8.674978192203186
-8.382042592036024
-8.009245884923427
-7.559536686344699
-7.036585295229352
-6.444805241404076
-5.789364414106175
-5.076181045533135
-4.311900647878508
-3.5038512036890586
-2.6599753884311856
-1.788740237292979
-0.8990263181482689
-0.9141480400587942
-1.818874873865548
-2.7049032018528716
-3.5632375724999283
-4.385290844874976
-5.162994524199376
-5.888889527787013
-6.556195382349364
-7.1588574134186675
-7.6915730320710045
-8.149799623601888
-8.529747680655682
-8.8283636058475
-9.043306973451593
-9.172926959927784
-9.21624214115352
-9.172926959927786
-9.043306973451593
-8.8283636058475
-8.529747680655682
-8.149799623601888
-7.691573032071007
-7.158857413418668
-6.556195382349366
-5.888889527787013
-5.162994524199376
-4.3852908448749774
-3.5632375724999297
-2.704903201852872
-1.8188748738655514
-0.9141480400587965
-0.929270466049686
-1.8490150621040693
-2.7498493042124763
-3.622665843347332
-4.458759362446041
-5.249936216158749
-5.9886055352926935
-6.667849868328519
-7.281474891778502
-7.824039166795842
-8.290866230267925
-8.678042375672836
-8.982404214729076
-9.201520456744063
-9.33367227392555
-9.377836149129527
-9.33367227392555
-9.201520456744063
-8.982404214729076
-8.678042375672836
-8.290866230267927
-7.824039166795845
-7.281474891778503
-6.66784986832852
-5.9886055352926935
-5.249936216158749
-4.458759362446043
-3.6226658433473333
-2.7498493042124768
-1.8490150621040726
-0.9292704660496882
-0.9443936176744222
-1.8791609719574964
-2.794814255375446
-3.6821372989466705
-4.53230859816031
-5.337010046307976
-6.088518280311729
-6.7797767915364435
-7.404448302558969
-7.956948247325281
-8.432461404961975
-8.82694472626292
-9.137120075844969
-9.360460938119274
-9.495177078787286
-9.540200725953188
-9.495177078787288
-9.360460938119274
-9.137120075844969
-8.82694472626292
-8.432461404961977
-7.956948247325282
-7.40444830255897
-6.779776791536445
-6.088518280311729
-5.337010046307976
-4.532308598160312
-3.682137298946672
-2.7948142553754463
-1.8791609719575
-0.9443936176744244
-0.9595175164864839
-1.9093127733747874
-2.8397986152072265
-3.7416532220133503
-4.605940949586393
-5.424219939543792
-6.188633606532636
-6.891984244168059
-7.52778821801019
-8.090313430465402
-8.574600847724476
-8.976472781601366
-9.292531246192244
-9.520150011579688
-9.657463933647572
-9.7033587598081
-9.657463933647572
-9.520150011579688
-9.292531246192244
-8.976472781601366
-8.574600847724478
-8.090313430465404
-7.5277882180101905
-6.891984244168061
-6.188633606532636
-5.424219939543792
-4.605940949586395
-3.7416532220133516
-2.839798615207227
-1.909312773374791
-0.9595175164864861
-0.974642184039351
-1.9394706363048995
-2.8848029435732645
-3.8012148952627727
-4.679658814292901
-5.511569820762922
-6.2889573576439295
-7.004480318418278
-7.651505210382279
-8.22414787302228
-8.71730025859586
-9.126644590863608
-9.448657782767958
-9.680609271127757
-9.820555397640971
-9.867333138877855
-9.820555397640973
-9.680609271127757
-9.448657782767958
-9.126644590863608
-8.717300258595861
-8.224147873022282
-7.65150521038228
-7.0044803184182785
-6.2889573576439295
-5.511569820762922
-4.679658814292903
-3.8012148952627745
-2.884802943573265
-1.9394706363049032
-0.9746421840393532
-0.9897676418865047
-1.969634730696791
-2.9298278003390075
-3.860823601410344
-4.753464589848444
-5.5990636148620965
-6.389495377334128
-7.117273106482012
-7.775609851925357
-8.358464731801995
-8.860575337616565
-9.277478203225083
-9.605519742569168
-9.841860310765941
-9.984474029902069
-10.03214675134605
-9.98447402990207
-9.841860310765941
-9.605519742569168
-9.277478203225083
-8.860575337616567
-8.358464731801996
-7.775609851925358
-7.1172731064820125
-6.389495377334128
-5.5990636148620965
-4.753464589848446
-3.860823601410346
-2.929827800339008
-1.9696347306967947
-0.9897676418865069
-1.0048939115814248
-1.9998052264994186
-2.9748737453699
-3.9204806231714673
-4.827360673821631
-5.686705246738041
-6.490253509291742
-7.230370700554175
-7.90011271488954
-8.493277163610623
-9.004441784827028
-9.428991667861217
-9.763137182592933
-10.0039247244967
-10.149242389565432
-10.197822485396273
-10.149242389565432
-10.0039247244967
-9.763137182592933
-9.428991667861217
-9.00444178482703
-8.493277163610625
-7.9001127148895405
-7.230370700554177
-6.490253509291742
-5.686705246738041
-4.827360673821633
-3.9204806231714686
-2.9748737453699006
-1.9998052264994222
-1.004893911581427
-1.0200210146775928
-2.0299822936617407
-3.0199413385313902
-3.980187243261547
-4.901349463781073
-5.774498641287487
-6.59123759720529
-7.343781192829686
-8.025024371524948
-8.628598325254242
-9.148915300267685
-9.58120303394745
-9.921530159836315
-10.166824106322489
-10.314883035765636
-10.364383229212123
-10.314883035765638
-10.166824106322489
-9.921530159836315
-9.58120303394745
-9.148915300267687
-8.628598325254243
-8.02502437152495
-7.343781192829688
-6.59123759720529
-5.774498641287487
-4.901349463781075
-3.980187243261548
-3.019941338531391
-2.029982293661744
-1.0200210146775952
-1.0351489727284882
-2.0601661021327144
-3.0650311396889243
-4.039944744395986
-4.97543335729538
-5.86244772340716
-6.692453484763288
-7.457512675503455
-8.150355394081695
-8.764441373538924
-9.29401158397897
-9.73413035065921
-10.080718731296374
-10.330580050245764
-10.481418527637253
-10.53185187097719
-10.481418527637253
-10.330580050245764
-10.080718731296374
-9.73413035065921
-9.294011583978971
-8.764441373538927
-8.150355394081695
-7.457512675503456
-6.692453484763288
-5.86244772340716
-4.9754333572953815
-4.039944744395987
-3.0650311396889247
-2.0601661021327184
-1.0351489727284906
-1.0502778072875922
-2.0903568218612976
-3.1101437087079478
-4.09975440929019
-5.04961475193316
-5.950556417993792
-6.793907015654251
-7.571573240770398
-8.276116354809902
-8.900819465270756
-9.43974633600132
-9.887791667171939
-10.240722953970165
-10.495214150268987
-10.648871424314857
-10.700251298875072
-10.648871424314859
-10.495214150268987
-10.240722953970165
-9.887791667171939
-9.43974633600132
-8.900819465270757
-8.276116354809904
-7.571573240770399
-6.793907015654251
-5.950556417993792
-5.049614751933162
-4.099754409290192
-3.110143708707948
-2.0903568218613016
-1.0502778072875947
-1.065407539908385
-2.1205546227964476
-3.1552796054539076
-4.159617520659562
-5.1238960452630264
-6.038828649944108
-6.895604033566693
-7.6859709808254255
-8.402317825959686
-9.037745757255808
-9.58613525637517
-10.04220503266106
-10.401562884854746
-10.660748000394614
-10.81726428493302
-10.869604401089358
-10.817264284933021
-10.660748000394614
-10.401562884854746
-10.04220503266106
-9.58613525637517
-9.03774575725581
-8.402317825959688
-7.685970980825427
-6.895604033566693
-6.038828649944108
-5.123896045263028
-4.1596175206595625
-3.1552796054539085
-2.1205546227964516
-1.0654075399083875
-0.0980171403295606
-0.19509032201612825
-0.29028467725446233
-0.3826834323650898
-0.47139673682599764
-0.5555702330196022
-0.6343932841636455
-0.7071067811865475
-0.773010453362737
-0.8314696123025452
-0.8819212643483549
-0.9238795325112867
-0.9569403357322089
-0.9807852804032304
-0.9951847266721968
-1.0
-0.9951847266721969
-0.9807852804032304
-0.9569403357322089
-0.9238795325112867
-0.881921264348355
-0.8314696123025455
-0.7730104533627371
-0.7071067811865476
-0.6343932841636455
-0.5555702330196022
-0.47139673682599786
-0.3826834323650899
-0.2902846772544624
-0.1950903220161286
-0.09801714032956083
-0.11313238901143412
-0.22517391725176586
-0.33504434442039066
-0.4416845589829485
-0.5440668640499208
-0.6412049343683989
-0.7321633433936551
-0.816066566259307
-0.8921073724333269
-0.9595545306036279
-1.0177597575491955
-1.0661638521090748
-1.104301964593129
-1.13180796087729
-1.148417848857001
-1.153972242839287
-1.1484178488570012
-1.13180796087729
-1.104301964593129
-1.0661638521090748
-1.0177597575491957
-0.9595545306036282
-0.892107372433327
-0.8160665662593071
-0.7321633433936551
-0.6412049343683989
-0.5440668640499211
-0.4416845589829486
-0.33504434442039077
-0.22517391725176628
-0.11313238901143438
-0.12824719943920343
-0.25525405685859875
-0.379792627655574
-0.5006596037209252
-0.6166882407121067
-0.726759829483717
-0.8298145809571824
-0.92486181003548
-1.0109893224181874
-1.0873719271811382
-1.1532790165945037
-1.208081171806381
-1.251255767847182
-1.2823915633013765
-1.3011922686388113
-1.3074790926121675
-1.3011922686388115
-1.2823915633013765
-1.251255767847182
-1.208081171806381
-1.153279016594504
-1.0873719271811384
-1.0109893224181874
-0.9248618100354802
-0.8298145809571824
-0.726759829483717
-0.616688240712107
-0.5006596037209253
-0.37979262765557403
-0.2552540568585992
-0.12824719943920374
-0.14336159316634906
-0.2853309107855846
-0.4245300868254588
-0.5596098492944237
-0.6892632643811653
-0.8122388432622849
-0.9273528405427428
-1.0335006047099804
-1.1296668755674357
-1.214934958841153
-1.2884947415247154
-1.349649540778639
-1.3978218024914275
-1.4325576816779482
-1.453530545152202
-1.4605434375022355
-1.4535305451522023
-1.4325576816779482
-1.3978218024914275
-1.349649540778639
-1.2884947415247154
-1.2149349588411535
-1.129666875567436
-1.0335006047099806
-0.9273528405427428
-0.8122388432622849
-0.6892632643811656
-0.5596098492944239
-0.4245300868254589
-0.2853309107855851
-0.1433615931663494
-0.15847559174635156
-0.31540464898168097
-0.4692572817954915
-0.6185365784188483
-0.7617943326257065
-0.8976459006008315
-1.024783965838852
-1.1419910424777227
-1.2481506041311905
-1.3422567823897504
-1.4234226323802666
-1.4908870082012822
-1.5440201255229238
-1.5823279100094616
-1.605455237531746
-1.6131881656930849
-1.6054552375317461
-1.5823279100094616
-1.5440201255229238
-1.4908870082012822
-1.4234226323802666
-1.3422567823897507
-1.2481506041311907
-1.1419910424777229
-1.024783965838852
-0.8976459006008315
-0.7617943326257068
-0.6185365784188486
-0.4692572817954916
-0.3154046489816815
-0.15847559174635192
-0.17358921673269145
-0.3454754413958454
-0.5139747724311188
-0.6774410738096028
-0.8342838430143406
-0.9829849263960847
-1.1221138005340254
-1.2503412155336207
-1.3664510803595693
-1.469350554633007
-1.558078389201593
-1.631811623249744
-1.6898707939387307
-1.7317238422983756
-1.7569889049120166
-1.7654361653683093
-1.7569889049120166
-1.7317238422983756
-1.6898707939387307
-1.631811623249744
-1.5580783892015935
-1.4693505546330075
-1.3664510803595693
-1.250341215533621
-1.1221138005340254
-0.9829849263960847
-0.8342838430143409
-0.6774410738096031
-0.5139747724311189
-0.345475441395846
-0.17358921673269187
-0.18870248967884928
-0.3755434579770356
-0.5586831185977867
-0.7363246181820915
-0.9067341931156773
-1.0682598455447732
-1.2193481883167783
-1.3585592160725883
-1.4845788765026897
-1.5962294323770005
-1.6924777120291314
-1.772441435099458
-1.8353938647359072
-1.880767072547147
-1.9081541064275875
-1.9173103247115022
-1.9081541064275878
-1.880767072547147
-1.8353938647359072
-1.772441435099458
-1.6924777120291317
-1.5962294323770008
-1.48457887650269
-1.3585592160725888
-1.2193481883167783
-1.0682598455447732
-0.9067341931156777
-0.7363246181820917
-0.5586831185977867
-0.3755434579770363
-0.18870248967884973
-0.20381543213830558
-0.40560886867420914
-0.6033828801609421
-0.7951884942517182
-0.9791477804983268
-1.1534745829436255
-1.316492972875627
-1.46665313628954
-1.6025445648106695
-1.7229065724278083
-1.826636300903317
-1.912794492925858
-1.9806093949115113
-2.029479194758234
-2.058973401213032
-2.068833531906258
-2.0589734012130325
-2.029479194758234
-1.9806093949115113
-1.912794492925858
-1.8266363009033173
-1.7229065724278088
-1.60254456481067
-1.4666531362895405
-1.316492972875627
-1.1534745829436255
-0.9791477804983273
-0.7951884942517184
-0.6033828801609422
-0.4056088686742099
-0.20381543213830602
-0.21892806566454087
-0.43567184343632365
-0.6480746169860314
-0.854033984733887
-1.0515270027308994
-1.23863306348937
-1.4135539978990859
-1.5746310683793898
-1.7203587175336272
-1.8493951315915074
-1.9605698558645865
-2.0528888459043775
-2.1255564001758733
-2.178520804397113
-2.210504862371397
-2.2212005501361696
-2.2105048623713976
-2.178520804397113
-2.1255564001758733
-2.0528888459043775
-1.9605698558645865
-1.8493951315915078
-1.7203587175336275
-1.5746310683793903
-1.4135539978990859
-1.23863306348937
-1.0515270027308998
-0.8540339847338873
-0.6480746169860316
-0.4356718434363245
-0.21892806566454137
-0.23404041181103566
-0.4657325522123368
-0.692758888938501
-0.9128623723440022
-1.1238742573820046
-1.323739212078735
-1.5105371070756717
-1.6825011045370515
-1.8380319069216804
-1.9757082666741757
-2.0942940769533753
-2.193152000043909
-2.271633408231332
-2.3282377448963483
-2.362419879333798
-2.373850618903191
-2.362419879333798
-2.3282377448963483
-2.271633408231332
-2.193152000043909
-2.0942940769533758
-1.975708266674176
-1.8380319069216806
-1.682501104537052
-1.5105371070756717
-1.323739212078735
-1.123874257382005
-0.9128623723440025
-0.692758888938501
-0.4657325522123376
-0.2340404118110362
-0.24915249213127058
-0.49579116495120606
-0.7374362558837974
-0.9716749397974674
-1.196191942020253
-1.4087969536084493
-1.6074481440938988
-1.79027133695744
-1.9555747052249464
-2.1018591344818898
-2.2281746808471015
-2.3341822742142004
-2.4177104162867895
-2.477954685395584
-2.5143348962961976
-2.5265006876702123
-2.5143348962961976
-2.477954685395584
-2.4177104162867895
-2.3341822742142004
-2.228174680847102
-2.1018591344818907
-1.9555747052249468
-1.7902713369574401
-1.6074481440938988
-1.4087969536084493
-1.1961919420202536
-0.9716749397974677
-0.7374362558837975
-0.495791164951207
-0.24915249213127116
-0.264264328178726
-0.525847851601889
-0.782107277687367
-1.0304729698096868
-1.268482454214254
-1.493810212975241
-1.7042929526422834
-1.8979498578354679
-2.0729976846935436
-2.227860891820727
-2.3628000224969767
-2.475212548384491
-2.5637874243422476
-2.627671625894819
-2.6662499132585973
-2.679150756437233
-2.6662499132585977
-2.627671625894819
-2.5637874243422476
-2.475212548384491
-2.3628000224969767
-2.227860891820728
-2.072997684693544
-1.8979498578354683
-1.7042929526422834
-1.493810212975241
-1.2684824542142545
-1.030472969809687
-0.7821072776873671
-0.52584785160189
-0.26426432817872664
-0.2793759415068827
-0.5559027821133434
-0.8267725142146565
-1.0892577450960645
-1.3407481915326183
-1.5787829150758386
-1.8010773764093413
-2.005544759366051
-2.1903114175775897
-2.354556334250609
-2.497425364146851
-2.6162428225547827
-2.7098644323977057
-2.7773885663940545
-2.8181649302209975
-2.8318008252042546
-2.818164930220998
-2.7773885663940545
-2.7098644323977057
-2.6162428225547827
-2.497425364146851
-2.3545563342506095
-2.1903114175775897
-2.005544759366051
-1.8010773764093413
-1.5787829150758386
-1.340748191532619
-1.089257745096065
-0.8267725142146565
-0.5559027821133444
-0.27937594150688333
-0.29448735366922096
-0.5859561264345268
-0.871432525331112
-1.1480305483720046
-1.4129915515439553
-1.6637189848069707
-1.8978072590835873
-2.1130641337441016
-2.3075264761272027
-2.481480227746281
-2.632050705796726
-2.7572730967250743
-2.855941440453164
-2.927105506893289
-2.9700799471833976
-2.9844508939712755
-2.9700799471833976
-2.927105506893289
-2.855941440453164
-2.7572730967250743
-2.632050705796726
-2.4814802277462817
-2.3075264761272027
-2.113064133744102
-1.8978072590835873
-1.6637189848069707
-1.412991551543956
-1.148030548372005
-0.8714325253311122
-0.5859561264345279
-0.29448735366922163
-0.3095985862192215
-0.6160080545143968
-0.9160878709021805
-1.206792662352911
-1.485214931816876
-1.748622347065366
-1.9944884443535373
-2.2205160731645357
-2.4250118374510095
-2.6084041212419535
-2.7666760474466003
-2.898303370895365
-3.002018448508622
-3.0768224473925248
-3.1219949641457974
-3.137100962738297
-3.121994964145798
-3.0768224473925248
-3.002018448508622
-2.898303370895365
-2.766676047446601
-2.6084041212419535
-2.42501183745101
-2.220516073164536
-1.9944884443535373
-1.748622347065366
-1.4852149318168766
-1.2067926623529113
-0.9160878709021806
-0.6160080545143979
-0.3095985862192222
-0.3247096607103648
-0.646058736301911
-0.9607391107933078
-1.2655453697541879
-1.5574207299199891
-1.8334969267477523
-2.091126775907707
-2.327908669822266
-2.543011936314458
-2.7353280147376253
-2.9013013890964747
-3.039333645065657
-3.14809545656408
-3.2265393878917603
-3.2739099811081975
-3.2897510315053182
-3.273909981108198
-3.2265393878917603
-3.14809545656408
-3.039333645065657
-2.901301389096475
-2.735328014737626
-2.5430119363144583
-2.3279086698222664
-2.091126775907707
-1.8334969267477523
-1.5574207299199898
-1.2655453697541883
-0.960739110793308
-0.6460587363019122
-0.32470966071036556
-0.33982059869613135
-0.6761083417460271
-1.005386804869941
-1.3242899532912393
-1.6296113434219057
-1.9183466487508587
-2.1877280974346114
-2.4352500159122075
-2.661012035177906
-2.8622519082332976
-3.03592673074635
-3.180363919235948
-3.294172464619538
-3.3762563283909954
-3.4258249980705977
-3.4424011002723396
-3.4258249980705986
-3.3762563283909954
-3.294172464619538
-3.180363919235948
-3.03592673074635
-2.862251908233298
-2.6610120351779063
-2.4352500159122075
-2.1877280974346114
-1.9183466487508587
-1.6296113434219064
-1.3242899532912396
-1.0053868048699413
-0.6761083417460283
-0.3398205986961321
-0.3549314217300017
-0.7061570407957025
-1.0500315129975264
-1.383027695679469
-1.7017891698912353
-2.0031754379714135
-2.2842982526227664
-2.542548203629273
-2.779012134041354
-2.98917580172897
-3.1705520723962244
-3.3213941934062396
-3.440249472674996
-3.525973268890231
-3.577740015032998
-3.595051169039361
-3.5777400150329988
-3.525973268890231
-3.440249472674996
-3.3213941934062396
-3.170552072396225
-2.9891758017289702
-2.7790121340413543
-2.542548203629274
-2.2842982526227664
-2.0031754379714135
-1.701789169891236
-1.3830276956794691
-1.0500315129975266
-0.7061570407957038
-0.3549314217300025
-0.37004215136545643
-0.736205003399895
-1.0946737950415102
-1.4417598796342814
-1.7739566068965882
-2.0879872193061444
-2.380843085160688
-2.6500249591141105
-2.897012232904802
-3.1160996952246416
-3.305177414046099
-3.4624244675765308
-3.5863264807304542
-3.675690209389466
-3.729655031995398
-3.747701237806382
-3.729655031995398
-3.675690209389466
-3.5863264807304542
-3.4624244675765308
-3.3051774140460997
-3.116099695224642
-2.8970122329048023
-2.650024959114111
-2.380843085160688
-2.0879872193061444
-1.7739566068965889
-1.4417598796342816
-1.0946737950415104
-0.7362050033998964
-0.37004215136545726
-0.385152809155976
-0.7662523995075621
-1.1393142108673393
-1.50048778787108
-1.846116052006574
-2.1727859176517805
-2.4773684387368906
-2.757964857887864
-3.0150123317682502
-3.243023588720314
-3.439802755695974
-3.603454741746823
-3.7324034887859128
-3.8254071498887012
-3.881570048957798
-3.9003513065734032
-3.8815700489577982
-3.8254071498887012
-3.7324034887859128
-3.603454741746823
-3.439802755695974
-3.2430235887203143
-3.015012331768251
-2.7579648578878646
-2.4773684387368906
-2.1727859176517805
-1.846116052006575
-1.5004877878710803
-1.1393142108673395
-0.7662523995075635
-0.3851528091559769
-0.40026341665504106
-0.7962993990676615
-1.1839533203404597
-1.5592127031052694
-1.9182699027898034
-2.2575754579050504
-2.5738801570398904
-2.8659047566616174
-3.1330124306316978
-3.3699474822159856
-3.574428097345849
-3.7444850159171135
-3.8784804968413704
-3.9751240903879377
-4.033485065920199
-4.053001375340425
-4.033485065920199
-3.9751240903879377
-3.8784804968413704
-3.7444850159171135
-3.5744280973458493
-3.3699474822159865
-3.1330124306316987
-2.865904756661618
-2.5738801570398904
-2.2575754579050504
-1.9182699027898042
-1.5592127031052698
-1.1839533203404597
-0.796299399067663
-0.400263416655042
-0.41537399541613196
-0.8263461720291507
-1.2285916833263182
-1.6179359080522533
-1.9904205568148858
-2.3423597649626826
-2.6703840837582025
-2.9738446554353706
-3.2510125294951457
-3.4968713757116574
-3.7090534389957233
-3.8855152900874046
-4.024557504896828
-4.124841030887171
-4.185400082882598
-4.2056514441074455
-4.185400082882598
-4.124841030887171
-4.024557504896828
-3.8855152900874046
-3.7090534389957233
-3.4968713757116583
-3.2510125294951466
-2.973844655435371
-2.6703840837582025
-2.3423597649626826
-1.9904205568148867
-1.6179359080522537
-1.2285916833263184
-0.8263461720291523
-0.4153739954161329
-0.4304845669927294
-0.8563928883409874
-1.2732298596903613
-1.6766586854274357
-2.0625704116504315
-2.427142763721405
-2.766886062580343
-3.0817845542091242
-3.3690126283585937
-3.623795269207329
-3.8436787806455976
-4.026545564257695
-4.170634512952287
-4.2745579713864075
-4.337315099844998
-4.358301512874466
-4.337315099844998
-4.2745579713864075
-4.170634512952287
-4.026545564257695
-3.843678780645598
-3.62379526920733
-3.3690126283585946
-3.0817845542091247
-2.766886062580343
-2.427142763721405
-2.0625704116504324
-1.6766586854274361
-1.2732298596903617
-0.8563928883409889
-0.4304845669927304
-0.4455951529383139
-0.8864397179521292
-1.3178684092980353
-1.735382317946221
-2.1347218648650506
-2.511928379077947
-2.863391937194828
-3.189724452982878
-3.487012727222042
-3.7507191627030014
-3.9783041222954725
-4.167575838427988
-4.316711521007744
-4.424274911885643
-4.489230116807398
-4.510951581641488
-4.4892301168073985
-4.424274911885643
-4.316711521007744
-4.167575838427988
-3.9783041222954734
-3.7507191627030023
-3.4870127272220426
-3.189724452982878
-2.863391937194828
-2.511928379077947
-2.1347218648650514
-1.7353823179462216
-1.3178684092980357
-0.8864397179521308
-0.4455951529383149
-0.46070577480636593
-0.9164868308115336
-1.362507892014787
-1.7941080883240133
-2.2068773140273534
-2.5967205359290353
-2.9599075512901707
-3.2976643517566315
-3.60501282608549
-3.8776430561986737
-4.112929463945347
-4.308606112598278
-4.462788529063202
-4.573991852384879
-4.641145133769798
-4.663601650408509
-4.641145133769799
-4.573991852384879
-4.462788529063202
-4.308606112598278
-4.112929463945347
-3.877643056198674
-3.6050128260854906
-3.297664351756632
-2.9599075512901707
-2.5967205359290353
-2.2068773140273548
-1.7941080883240137
-1.362507892014787
-0.9164868308115353
-0.460705774806367
-0.4758164541503661
-0.9465343968681583
-1.4071488677060622
-1.8528372792762162
-2.2790391567059496
-2.6815231591714004
-3.056438748554889
-3.405604250530385
-3.723012924948938
-4.004566949694345
-4.247554805595223
-4.44963638676857
-4.60886553711866
-4.723708792884113
-4.793060150732199
-4.816251719175531
-4.7930601507322
-4.723708792884113
-4.60886553711866
-4.44963638676857
-4.247554805595223
-4.004566949694347
-3.7230129249489385
-3.405604250530385
-3.056438748554889
-2.6815231591714004
-2.279039156705951
-1.8528372792762164
-1.4071488677060624
-0.9465343968681601
-0.47581645415036716
-0.4909272125237948
-0.9765825860709609
-1.451791896237308
-1.9115711735182335
-2.351209790469449
-2.766340173701769
-3.152991372677498
-3.513544149304138
-3.841013023812386
-4.131490843190017
-4.382180147245097
-4.5906666609388616
-4.754942545174118
-4.873425733383348
-4.944975167694598
-4.968901787942551
-4.944975167694599
-4.873425733383348
-4.754942545174118
-4.5906666609388616
-4.382180147245097
-4.131490843190018
-3.8410130238123865
-3.5135441493041384
-3.152991372677498
-2.766340173701769
-2.35120979046945
-1.911571173518234
-1.4517918962373084
-0.9765825860709627
-0.4909272125237959
-0.5060380714801327
-1.006631568368899
-1.496437537473971
-1.97031105376547
-2.423391612886462
-2.851175504416871
-3.2495712673465116
-3.6214840480778916
-3.959013122675834
-4.258414736685689
-4.5168054888949705
-4.731696935109152
-4.901019553229576
-5.0231426738825835
-5.096890184656998
-5.121551856709573
-5.096890184656999
-5.0231426738825835
-4.901019553229576
-4.731696935109152
-4.516805488894971
-4.25841473668569
-3.9590131226758345
-3.621484048077892
-3.2495712673465116
-2.851175504416871
-2.423391612886463
-1.9703110537654704
-1.4964375374739713
-1.0066315683689009
-0.5060380714801338
-0.5211490525728604
-1.0366815137109302
-1.541086351281497
-2.0290582027333293
-2.4955870215255986
-2.9360330762134343
-3.3461842762504475
-3.729423946851645
-4.077013221539282
-4.385338630181361
-4.651430830544846
-4.872727209279444
-5.047096561285034
-5.172859614381819
-5.2488052016193985
-5.274201925476594
-5.248805201619399
-5.172859614381819
-5.047096561285034
-4.872727209279444
-4.651430830544847
-4.385338630181362
-4.077013221539283
-3.7294239468516457
-3.3461842762504475
-2.9360330762134343
-2.4955870215256
-2.02905820273333
-1.5410863512814974
-1.036681513710932
-0.5211490525728616
-0.5362601773554582
-1.0667325920460122
-1.5857388975253328
-2.0878139031372154
-2.567798413955469
-3.0209168139881872
-3.44283624307782
-3.837363845625399
-4.1950133204027305
-4.512262523677033
-4.786056172194721
-5.013757483449735
-5.193173569340493
-5.322576554881055
-5.400720218581799
-5.4268519942436155
-5.4007202185817995
-5.322576554881055
-5.193173569340493
-5.013757483449735
-4.786056172194721
-4.512262523677035
-4.195013320402731
-3.8373638456253993
-3.44283624307782
-3.0209168139881872
-2.56779841395547
-2.0878139031372163
-1.585738897525333
-1.0667325920460142
-0.5362601773554594
-0.5513714673814069
-1.0967849733231025
-1.6303957360709251
-2.146579437692533
-2.6400281877446825
-3.105830642637858
-3.539598637751153
-3.9453037443991525
-4.313013419266179
-4.639186417172706
-4.9206815138445945
-5.154787757620027
-5.33925057739595
-5.47229349538029
-5.552635235544199
-5.5795020630106364
-5.552635235544199
-5.47229349538029
-5.33925057739595
-5.154787757620027
-4.920681513844595
-4.639186417172707
-4.313013419266179
-3.945303744399153
-3.539598637751153
-3.105830642637858
-2.640028187744684
-2.1465794376925333
-1.6303957360709254
-1.0967849733231045
-0.5513714673814081
-0.5664829442041868
-1.1268388274911587
-1.6750574267837204
-2.205356089114685
-2.7122787404618496
-3.1907784870591755
-3.6364388162040697
-4.053243643172905
-4.431013518129627
-4.766110310668377
-5.05530685549447
-5.295818031790318
-5.485327585451409
-5.622010435879525
-5.704550252506599
-5.732152131777657
-5.704550252506599
-5.622010435879525
-5.485327585451409
-5.295818031790318
-5.055306855494471
-4.766110310668378
-4.431013518129627
-4.053243643172906
-3.6364388162040697
-3.1907784870591755
-2.712278740461851
-2.205356089114686
-1.6750574267837206
-1.1268388274911607
-0.5664829442041881
-0.5815946293772786
-1.1568943244991385
-1.7197245295291645
-2.264145140119076
-2.784552469675581
-3.2757642721488685
-3.733278994656987
-4.161183541946659
-4.549013616993075
-4.893034204164049
-5.189932197144345
-5.43684830596061
-5.631404593506867
-5.77172737637876
-5.856465269468999
-5.884802200544679
-5.856465269469
-5.77172737637876
-5.631404593506867
-5.43684830596061
-5.189932197144345
-4.893034204164051
-4.549013616993076
-4.16118354194666
-3.733278994656987
-3.2757642721488685
-2.784552469675582
-2.264145140119077
-1.719724529529165
-1.1568943244991405
-0.5815946293772799
-0.5967065444541627
-1.1869516342959994
-1.7643976041727047
-2.32294787342111
-2.856851772954485
-3.3607919228036645
-3.830119173109904
-4.2691234407204135
-4.667013715856522
-5.019958097659721
-5.3245575387942194
-5.577878580130901
-5.777481601562325
-5.921444316877995
-6.008380286431399
-6.0374522693117
-6.0083802864314
-5.921444316877995
-5.777481601562325
-5.577878580130901
-5.32455753879422
-5.019958097659723
-4.667013715856523
-4.2691234407204135
-3.830119173109904
-3.3607919228036645
-2.8568517729544864
-2.322947873421111
-1.7643976041727052
-1.1869516342960016
-0.596706544454164
-0.6118187109883196
-1.2170109268306992
-1.809077210579787
-2.381765571736192
-2.9291790478671738
-3.4458653639202925
-3.926959351562821
-4.377063339494167
-4.785013814719971
-5.146881991155394
-5.459182880444094
-5.718908854301192
-5.923558609617783
-6.071161257377232
-6.1602953033937995
-6.190102338078722
-6.1602953033938
-6.071161257377232
-5.923558609617783
-5.718908854301192
-5.459182880444095
-5.146881991155396
-4.785013814719972
-4.377063339494168
-3.926959351562821
-3.4458653639202925
-2.929179047867175
-2.3817655717361927
-1.8090772105797874
-1.2170109268307014
-0.6118187109883212
-0.6269311505332302
-1.2470723720521952
-1.853763908615858
-2.440599517779724
-3.0015366919822557
-3.5309885203954807
-4.023893406991098
-4.485003238267919
-4.903013913583418
-5.273805884651065
-5.593808222093969
-5.859939128471484
-6.069635617673241
-6.220878197876467
-6.3122103203562
-6.342752406845743
-6.3122103203562
-6.220878197876467
-6.069635617673241
-5.859939128471484
-5.593808222093969
-5.273805884651067
-4.903013913583419
-4.485003238267921
-4.023893406991098
-3.5309885203954807
-3.001536691982257
-2.4405995177797255
-1.8537639086158586
-1.2470723720521975
-0.6269311505332316
-0.6420438846423745
-1.2771361399094452
-1.898458258146364
-2.499450994267112
-3.0739271028683417
-3.616165317125958
-4.120981702560962
-4.592943137041673
-5.021014012446867
-5.400729778146737
-5.7284335637438435
-6.0009694026417755
-6.215712625728699
-6.370595138375702
-6.4641253373186
-6.495402475612764
-6.4641253373186
-6.370595138375702
-6.215712625728699
-6.0009694026417755
-5.728433563743844
-5.400729778146739
-5.021014012446868
-4.592943137041674
-4.120981702560962
-3.616165317125958
-3.073927102868343
-2.499450994267113
-1.8984582581463643
-1.2771361399094476
-0.642043884642376
-0.6571569348692337
-1.307202400351407
-1.943160819036752
-2.558321283913759
-3.1463526780940416
-3.701399679008453
-4.218155705562388
-4.700883035815427
-5.139014111310315
-5.527653671642409
-5.863058905393718
-6.141999676812066
-6.361789633784157
-6.520312078874937
-6.616040354280999
-6.6480525443797855
-6.616040354281
-6.520312078874937
-6.361789633784157
-6.141999676812066
-5.863058905393719
-5.527653671642411
-5.139014111310315
-4.700883035815428
-4.218155705562388
-3.701399679008453
-3.1463526780940434
-2.55832128391376
-1.9431608190367522
-1.3072024003514093
-0.6571569348692352
-0.6722703227672875
-1.3372713233270377
-1.9878721511524677
-2.6172116694350693
-3.2188158152279653
-3.786695530939693
-4.315421259683891
-4.808822934589181
-5.257014210173764
-5.654577565138082
-5.997684247043593
-6.283029950982359
-6.507866641839616
-6.670029019374172
-6.767955371243399
-6.8007026131468065
-6.7679553712434
-6.670029019374172
-6.507866641839616
-6.283029950982359
-5.997684247043593
-5.654577565138084
-5.2570142101737645
-4.808822934589182
-4.315421259683891
-3.786695530939693
-3.218815815227967
-2.61721166943507
-1.9878721511524682
-1.3372713233270401
-0.672270322767289
-0.6873840698900172
-1.3673430787852952
-2.032592814358958
-2.6761234335464468
-3.2913189118387227
-3.8720567978164078
-4.412784208613986
-4.916762833362934
-5.375014309037211
-5.781501458633753
-6.1323095886934675
-6.424060225152649
-6.653943649895074
-6.819745959873408
-6.9198703882058
-6.953352681913828
-6.919870388205801
-6.819745959873408
-6.653943649895074
-6.424060225152649
-6.132309588693468
-5.781501458633755
-5.375014309037212
-4.916762833362935
-4.412784208613986
-3.8720567978164078
-3.2913189118387245
-2.676123433546448
-2.0325928143589587
-1.3673430787852978
-0.6873840698900188
-0.7024981977909028
-1.397417836675137
-2.07732336852167
-2.7350578589632955
-3.363864365494924
-3.9574874045353243
-4.5102503960411875
-5.024702732136687
-5.493014407900659
-5.908425352129425
-6.266934930343343
-6.56509049932294
-6.800020657950531
-6.969462900372644
-7.0717854051682005
-7.106002750680849
-7.0717854051682005
-6.969462900372644
-6.800020657950531
-6.56509049932294
-6.266934930343344
-5.908425352129428
-5.4930144079006595
-5.024702732136689
-4.5102503960411875
-3.9574874045353243
-3.363864365494926
-2.735057858963297
-2.0773233685216703
-1.3974178366751397
-0.7024981977909046
-0.7176127280234251
-1.427495766945521
-2.1220643735060487
-2.7940162284010195
-3.4364545737651793
-4.042991275993172
-4.607825665654014
-5.132642630910441
-5.611014506764107
-6.035349245625096
-6.401560271993216
-6.7061207734932315
-6.946097666005989
-7.119179840871878
-7.223700422130599
-7.258652819447869
-7.2237004221306
-7.119179840871878
-6.946097666005989
-6.7061207734932315
-6.401560271993217
-6.035349245625099
-5.611014506764107
-5.132642630910442
-4.607825665654014
-4.042991275993172
-3.436454573765181
-2.7940162284010204
-2.122064373506049
-1.4274957669455237
-0.7176127280234269
-0.7327276821410648
-1.4575770395454046
-2.166816389177542
-2.852999824575023
-3.5090919342180986
-4.1285723370866805
-4.705515861140978
-5.240582529684193
-5.729014605627555
-6.162273139120769
-6.536185613643092
-6.847151047663522
-7.0921746740614475
-7.268896781371113
-7.375615439092999
-7.411302888214891
-7.375615439093
-7.268896781371113
-7.0921746740614475
-6.847151047663522
-6.536185613643092
-6.162273139120772
-5.7290146056275555
-5.240582529684195
-4.705515861140978
-4.1285723370866805
-3.5090919342181004
-2.8529998245750243
-2.1668163891775425
-1.4575770395454075
-0.7327276821410663
-0.747843081697302
-1.4876618244237454
-2.211579975401596
-2.9120099302007096
-3.581778844422292
-4.214234512712577
-4.803326826190595
-5.348522428457947
-5.847014704491003
-6.289197032616441
-6.670810955292966
-6.988181321833814
-7.238251682116905
-7.418613721870349
-7.527530456055399
-7.563952956981912
-7.5275304560554
-7.418613721870349
-7.238251682116905
-6.988181321833814
-6.670810955292967
-6.289197032616443
-5.847014704491004
-5.348522428457949
-4.803326826190595
-4.214234512712577
-3.5817788444222938
-2.912009930200711
-2.2115799754015963
-1.4876618244237483
-0.7478430816973037
-0.7629589482456175
-1.5177502915295011
-2.2563556920436567
-2.971047827993484
-3.6545177019463697
-4.299981727767588
-4.901264404491384
-5.456462327231701
-5.965014803354451
-6.416120926112113
-6.80543629694284
-7.129211596004105
-7.384328690172364
-7.568330662369584
-7.6794454730177995
-7.716603025748934
-7.6794454730178
-7.568330662369584
-7.384328690172364
-7.129211596004105
-6.805436296942841
-6.416120926112115
-5.9650148033544514
-5.456462327231702
-4.901264404491384
-4.299981727767588
-3.6545177019463715
-2.9710478279934853
-2.256355692043657
-1.517750291529504
-0.7629589482456193
-0.7780753033394917
-1.5478426108116292
-2.301144098969171
-3.0301148006687506
-3.727310904358941
-4.3858179071484455
-4.999334439731857
-5.564402226005455
-6.083014902217899
-6.543044819607784
-6.940061638592716
-7.270241870174397
-7.530405698227821
-7.718047602868819
-7.8313604899802
-7.869253094515955
-7.8313604899802
-7.718047602868819
-7.530405698227821
-7.270241870174397
-6.940061638592716
-6.543044819607787
-6.0830149022179
-5.5644022260054555
-4.999334439731857
-4.3858179071484455
-3.727310904358943
-3.0301148006687515
-2.3011440989691714
-1.5478426108116323
-0.7780753033394935
-0.7931921685324055
-1.5779389522190874
-2.345945756043585
-3.089212130941912
-3.800160849228617
-4.471746975751876
-5.097542775600531
-5.672342124779209
-6.201015001081347
-6.669968713103457
-7.07468698024259
-7.411272144344688
-7.676482706283279
-7.867764543368055
-7.9832755069426
-8.021903163282976
-7.9832755069426
-7.867764543368055
-7.676482706283279
-7.411272144344688
-7.074686980242591
-6.66996871310346
-6.201015001081347
-5.672342124779209
-5.097542775600531
-4.471746975751876
-3.800160849228619
-3.089212130941913
-2.3459457560435855
-1.5779389522190905
-0.7931921685324073
-0.8083095653778389
-1.6080394857008333
-2.3907612231323454
-3.148341101528373
-3.873069934124007
-4.557772858474609
-5.195895255785921
-5.781562478528201
-6.319015099944796
-6.796892606599129
-7.209312321892465
-7.55230241851498
-7.8225597143387375
-8.01748148386729
-8.135190523904999
-8.174553232049997
-8.135190523904999
-8.01748148386729
-7.8225597143387375
-7.55230241851498
-7.209312321892466
-6.7968926065991315
-6.319015099944797
-5.781562478528203
-5.195895255785921
-4.557772858474609
-3.8730699341240094
-3.1483411015283744
-2.390761223132346
-1.6080394857008364
-0.8083095653778409
-0.823427515429273
-1.6381443812058245
-2.435591060100899
-3.2075029951435376
-3.9460405566137213
-4.6438994802133715
-5.294397723976544
-5.891536485363527
-6.437015198808243
-6.9238165000948015
-7.34393766354234
-7.693332692685271
-7.968636722394197
-8.167198424366525
-8.2871055408674
-8.327203300817018
-8.2871055408674
-8.167198424366525
-7.968636722394197
-7.693332692685271
-7.34393766354234
-6.923816500094803
-6.437015198808244
-5.891536485363528
-5.294397723976544
-4.6438994802133715
-3.9460405566137235
-3.207502995143539
-2.435591060100899
-1.6381443812058276
-0.8234275154292747
-0.8385460402401876
-1.6682538086830185
-2.4804358268146913
-3.26669909450281
-4.01907511426637
-4.730130765864892
-5.393056023860913
-6.001726284063229
-6.555015297671691
-7.050740393590472
-7.478563005192214
-7.834362966855562
-8.114713730449655
-8.31691536486576
-8.4390205578298
-8.47985336958404
-8.4390205578298
-8.31691536486576
-8.114713730449655
-7.834362966855562
-7.478563005192215
-7.050740393590475
-6.555015297671692
-6.0017262840632295
-5.393056023860913
-4.730130765864892
-4.019075114266371
-3.2666990945028114
-2.4804358268146918
-1.6682538086830219
-0.8385460402401896
-0.853665161364064
-1.698367938081373
-2.5252960831391698
-3.3259306823215944
-4.092176004650563
-4.816470640325901
-5.491875999127545
-6.1121399668222205
-6.673015396535139
-7.177664287086145
-7.613188346842089
-7.975393241025853
-8.260790738505113
-8.466632305364996
-8.590935574792201
-8.632503438351062
-8.590935574792201
-8.466632305364996
-8.260790738505113
-7.975393241025853
-7.61318834684209
-7.177664287086148
-6.67301539653514
-6.112139966822221
-5.491875999127545
-4.816470640325901
-4.092176004650565
-3.3259306823215953
-2.52529608313917
-1.6983679380813763
-0.8536651613640658
-0.8687849003543822
-1.7284869393498459
-2.5701723889397807
-3.3851990413152944
-4.1653456253349095
-4.902923028493126
-5.590863493464956
-6.222785625835415
-6.793034850361795
-7.304588180581817
-7.747813688491965
-8.116423515196145
-8.40686774656057
-8.616349245864232
-8.7428505917546
-8.785153507118082
-8.742850591754602
-8.616349245864232
-8.40686774656057
-8.116423515196145
-7.747813688491965
-7.30458818058182
-6.793034850361796
-6.222785625835416
-5.590863493464956
-4.902923028493126
-4.165345625334911
-3.3851990413152957
-2.570172388939781
-1.728486939349849
-0.8687849003543842
-0.8839052787646229
-1.7586109824373939
-2.61506530408197
-3.4445054541993136
-4.23858637388802
-4.989491855263293
-5.690024350561661
-6.333671353297729
-6.914647964960432
-7.431512074077489
-7.882439030141837
-8.257453789366435
-8.552944754616028
-8.766066186363465
-8.894765608717
-8.937803575885102
-8.894765608717
-8.766066186363465
-8.552944754616028
-8.257453789366435
-7.882439030141838
-7.431512074077491
-6.914647964960433
-6.33367135329773
-5.690024350561661
-4.989491855263293
-4.238586373888022
-3.444505454199315
-2.6150653040819702
-1.7586109824373972
-0.8839052787646249
-0.899026318148267
-1.7887402372929757
-2.659975388431185
-3.5038512036890572
-4.311900647878506
-5.076181045533135
-5.789364414106175
-6.444805241404074
-7.036585295229351
-7.559536686344696
-8.017064371791713
-8.398484063536728
-8.699021762671487
-8.915783126862701
-9.0466806256794
-9.090453644652126
-9.0466806256794
-8.915783126862701
-8.699021762671487
-8.398484063536728
-8.017064371791713
-7.559536686344699
-7.036585295229352
-6.444805241404076
-5.789364414106175
-5.076181045533135
-4.311900647878508
-3.5038512036890586
-2.6599753884311856
-1.788740237292979
-0.8990263181482689
-0.9141480400587942
-1.818874873865548
-2.7049032018528716
-3.5632375724999283
-4.385290844874976
-5.162994524199376
-5.888889527787013
-6.556195382349364
-7.1588574134186675
-7.6915730320710045
-8.151689713441588
-8.539514337707018
-8.845098770726944
-9.065500067361937
-9.198595642641799
-9.243103713419146
-9.1985956426418
-9.065500067361937
-8.845098770726944
-8.539514337707018
-8.151689713441588
-7.691573032071007
-7.158857413418668
-6.556195382349366
-5.888889527787013
-5.162994524199376
-4.3852908448749774
-3.5632375724999297
-2.704903201852872
-1.8188748738655514
-0.9141480400587965
-0.929270466049686
-1.8490150621040693
-2.7498493042124763
-3.622665843347332
-4.458759362446041
-5.249936216158749
-5.9886055352926935
-6.667849868328519
-7.281474891778502
-7.824039166795842
-8.290866230267925
-8.68054461187731
-8.991175778782404
-9.215217007861174
-9.3505106596042
-9.395753782186167
-9.3505106596042
-9.215217007861174
-8.991175778782404
-8.68054461187731
-8.290866230267927
-7.824039166795845
-7.281474891778503
-6.66784986832852
-5.9886055352926935
-5.249936216158749
-4.458759362446043
-3.6226658433473333
-2.7498493042124768
-1.8490150621040726
-0.9292704660496882
-0.9443936176744222
-1.8791609719574964
-2.794814255375446
-3.6821372989466705
-4.53230859816031
-5.337010046307976
-6.088518280311729
-6.7797767915364435
-7.404448302558969
-7.956948247325281
-8.432461404961975
-8.82694472626292
-9.13725278683786
-9.364933948360408
-9.502425676566599
-9.548403850953187
-9.5024256765666
-9.364933948360408
-9.13725278683786
-8.82694472626292
-8.432461404961977
-7.956948247325282
-7.40444830255897
-6.779776791536445
-6.088518280311729
-5.337010046307976
-4.532308598160312
-3.682137298946672
-2.7948142553754463
-1.8791609719575
-0.9443936176744244
-0.9595175164864839
-1.9093127733747874
-2.8397986152072265
-3.7416532220133503
-4.605940949586393
-5.424219939543792
-6.188633606532636
-6.891984244168059
-7.52778821801019
-8.090313430465402
-8.574600847724476
-8.976472781601366
-9.292531246192244
-9.520150011579688
-9.657463933647572
-9.7033587598081
-9.657463933647572
-9.520150011579688
-9.292531246192244
-8.976472781601366
-8.574600847724478
-8.090313430465404
-7.5277882180101905
-6.891984244168061
-6.188633606532636
-5.424219939543792
-4.605940949586395
-3.7416532220133516
-2.839798615207227
-1.909312773374791
-0.9595175164864861
-0.974642184039351
-1.9394706363048995
-2.8848029435732645
-3.8012148952627727
-4.679658814292901
-5.511569820762922
-6.2889573576439295
-7.004480318418278
-7.651505210382279
-8.22414787302228
-8.71730025859586
-9.126644590863608
-9.448657782767958
-9.680609271127757
-9.820555397640971
-9.867333138877855
-9.820555397640973
-9.680609271127757
-9.448657782767958
-9.126644590863608
-8.717300258595861
-8.224147873022282
-7.65150521038228
-7.0044803184182785
-6.2889573576439295
-5.511569820762922
-4.679658814292903
-3.8012148952627745
-2.884802943573265
-1.9394706363049032
-0.9746421840393532
-0.9897676418865047
-1.969634730696791
-2.9298278003390075
-3.860823601410344
-4.753464589848444
-5.5990636148620965
-6.389495377334128
-7.117273106482012
-7.775609851925357
-8.358464731801995
-8.860575337616565
-9.277478203225083
-9.605519742569168
-9.841860310765941
-9.984474029902069
-10.03214675134605
-9.98447402990207
-9.841860310765941
-9.605519742569168
-9.277478203225083
-8.860575337616567
-8.358464731801996
-7.775609851925358
-7.1172731064820125
-6.389495377334128
-5.5990636148620965
-4.753464589848446
-3.860823601410346
-2.929827800339008
-1.9696347306967947
-0.9897676418865069
-1.0048939115814248
-1.9998052264994186
-2.9748737453699
-3.9204806231714673
-4.827360673821631
-5.686705246738041
-6.490253509291742
-7.230370700554175
-7.90011271488954
-8.493277163610623
-9.004441784827028
-9.428991667861217
-9.763137182592933
-10.0039247244967
-10.149242389565432
-10.197822485396273
-10.149242389565432
-10.0039247244967
-9.763137182592933
-9.428991667861217
-9.00444178482703
-8.493277163610625
-7.9001127148895405
-7.230370700554177
-6.490253509291742
-5.686705246738041
-4.827360673821633
-3.9204806231714686
-2.9748737453699006
-1.9998052264994222
-1.004893911581427
-1.0200210146775928
-2.0299822936617407
-3.0199413385313902
-3.980187243261547
-4.901349463781073
-5.774498641287487
-6.59123759720529
-7.343781192829686
-8.025024371524948
-8.628598325254242
-9.148915300267685
-9.58120303394745
-9.921530159836315
-10.166824106322489
-10.314883035765636
-10.364383229212123
-10.314883035765638
-10.166824106322489
-9.921530159836315
-9.58120303394745
-9.148915300267687
-8.628598325254243
-8.02502437152495
-7.343781192829688
-6.59123759720529
-5.774498641287487
-4.901349463781075
-3.980187243261548
-3.019941338531391
-2.029982293661744
-1.0200210146775952
-1.0351489727284882
-2.0601661021327144
-3.0650311396889243
-4.039944744395986
-4.97543335729538
-5.86244772340716
-6.692453484763288
-7.457512675503455
-8.150355394081695
-8.764441373538924
-9.29401158397897
-9.73413035065921
-10.080718731296374
-10.330580050245764
-10.481418527637253
-10.53185187097719
-10.481418527637253
-10.330580050245764
-10.080718731296374
-9.73413035065921
-9.294011583978971
-8.764441373538927
-8.150355394081695
-7.457512675503456
-6.692453484763288
-5.86244772340716
-4.9754333572953815
-4.039944744395987
-3.0650311396889247
-2.0601661021327184
-1.0351489727284906
-1.0502778072875922
-2.0903568218612976
-3.1101437087079478
-4.09975440929019
-5.04961475193316
-5.950556417993792
-6.793907015654251
-7.571573240770398
-8.276116354809902
-8.900819465270756
-9.43974633600132
-9.887791667171939
-10.240722953970165
-10.495214150268987
-10.648871424314857
-10.700251298875072
-10.648871424314859
-10.495214150268987
-10.240722953970165
-9.887791667171939
-9.43974633600132
-8.900819465270757
-8.276116354809904
-7.571573240770399
-6.793907015654251
-5.950556417993792
-5.049614751933162
-4.099754409290192
-3.110143708707948
-2.0903568218613016
-1.0502778072875947
-1.065407539908385
-2.1205546227964476
-3.1552796054539076
-4.159617520659562
-5.1238960452630264
-6.038828649944108
-6.895604033566693
-7.6859709808254255
-8.402317825959686
-9.037745757255808
-9.58613525637517
-10.04220503266106
-10.401562884854746
-10.660748000394614
-10.81726428493302
-10.869604401089358
-10.817264284933021
-10.660748000394614
-10.401562884854746
-10.04220503266106
-9.58613525637517
-9.03774575725581
-8.402317825959688
-7.685970980825427
-6.895604033566693
-6.038828649944108
-5.123896045263028
-4.1596175206595625
-3.1552796054539085
-2.1205546227964516
-1.0654075399083875
