-0.997669
-0.9819120000000001
-0.966134
-0.950343
-0.934549
-0.918759
-0.9029729999999999
-0.887181
-0.871326
-0.855405
-0.8394719999999999
-0.823565
-0.807699
-0.791863
-0.7760640000000001
-0.7603270000000001
-0.744664
-0.7290479999999999
-0.713442
-0.6978340000000001
-0.682237
-0.666675
-0.651151
-0.6356539999999999
-0.62017
-0.604693
-0.589217
-0.573747
-0.558292
-0.542855
-0.5274369999999999
-0.512039
-0.496663
-0.481299
-0.465938
-0.45057600000000003
-0.435213
-0.41984899999999997
-0.404484
-0.389112
-0.373727
-0.358324
-0.342908
-0.32747800000000005
-0.31203600000000004
-0.296582
-0.281115
-0.265635
-0.250134
-0.234609
-0.21906
-0.203488
-0.187896
-0.172286
-0.156657
-0.141011
-0.125351
-0.10968
-0.09400510000000001
-0.0783319
-0.0626604
-0.046991000000000005
-0.0313242
-0.015660399999999998
2.8491399999999996e-39
