Residual: 
7.75555
6.07559
4.88568
3.9805
3.27107
2.71155
2.27077
1.92126
1.64041
1.41192
1.22546
1.07547
0.957816
0.866863
0.795765
0.738645
0.691396
0.651182
0.616167
0.585538
0.559117
0.536623
0.517278
0.50001
0.483909
0.468505
0.453744
0.439789
0.426816
0.414894
0.403957
0.393837
0.384322
0.375208
0.366329
0.357577
0.348895
0.340272
0.331729
0.323312
0.315078
0.307085
0.299387
0.292027
0.285032
0.278418
0.272184
0.266309
0.260754
0.255461
0.250361
0.245379
0.240453
0.235538
0.230613
0.225674
0.220737
0.21582
0.210946
0.206132
0.201392
0.196736
0.192171
0.187704
0.183343
0.179097
0.174977
0.170997
0.167167
0.163497
0.15999
0.156645
0.153456
0.150409
0.147489
0.14468
0.141963
0.139325
0.136753
0.134238
0.131772
0.12935
0.126969
0.124628
0.122325
0.120061
0.117837
0.115653
0.113511
0.111412
0.109356
0.107343
0.105373
0.103446
0.101559
0.0997117
0.0979026
0.0961297
0.0943912
0.0926847
0.0910084
0.0893597
0.0877364
0.0861359
0.0845558
0.0829938
0.0814477
0.0799156
0.0783961
0.0768881
0.0753909
0.0739047
0.0724301
0.0709687
0.069522
0.0680928
0.0666837
0.0652977
0.0639379
0.0626079
0.0613096
0.0600462
0.0588191
0.0576296
0.0564782
0.0553647
0.0542879
0.0532464
0.0522377
0.0512597
0.0503095
0.0493844
0.048482
0.0475999
0.0467358
0.0458886
0.0450564
0.0442384
0.0434339
0.0426423
0.0418631
0.0410961
0.0403413
0.0395987
0.0388684
0.0381503
0.0374449
0.0367525
0.0360729
0.0354069
0.0347542
0.0341152
0.0334896
0.0328774
0.0322784
0.0316923
0.0311186
0.0305567
0.0300062
0.0294666
0.0289371
0.0284171
0.0279062
0.0274037
0.0269091
0.0264218
0.0259414
0.0254678
0.0250007
0.0245397
0.0240845
0.0236355
0.0231925
0.0227555
0.0223245
0.0218995
0.0214808
0.0210688
0.0206632
0.0202647
0.0198735
0.0194897
0.019114
0.0187462
0.0183871
0.0180364
0.0176944
0.017361
0.0170366
0.0167205
0.0164127
0.0161129
0.0158206
0.0155353
0.0152568
0.0149845
0.0147182
0.014457
0.0142012
0.0139501
0.0137036
0.0134614
0.0132234
0.0129895
0.0127596
0.0125337
0.0123113
0.0120931
0.0118785
0.0116678
0.0114609
0.0112575
0.011058
0.0108619
0.0106696
0.0104806
0.0102951
0.0101129
0.00993372
0.00975782
0.00958474
0.00941412
0.00924648
0.00908092
0.00891773
0.00875684
0.00859761
0.0084405
0.00828497
0.00813097
0.00797847
0.00782719
0.00767741
0.00752877
0.00738181
0.00723576
0.00709135
0.00694859
0.00680721
0.00666758
0.00652986
0.00639427
0.00626084
0.00612989
0.00600137
0.00587541
0.00575259
0.00563252
0.00551558
0.00540186
0.00529113
0.00518369
0.00507953
0.00497853
0.00488074
0.00478595
0.00469431
0.00460557
0.00451958
0.00443648
0.00435614
0.00427807
0.00420234
0.00412883
0.00405761
0.00398817
0.0039206
0.00385465
0.00379047
0.00372752
0.00366579
0.00360536
0.00354588
0.00348758
0.00342992
0.00337315
0.0033169
0.00326141
0.00320643
0.00315186
0.00309789
0.00304394
0.00299066
0.00293779
0.00288525
0.00283302
0.00278095
0.00272949
0.00267815
0.0026274
0.00257711
0.00252703
0.00247758
0.00242879
0.00238025
0.00233235
0.00228511
0.00223832
0.00219237
0.00214674
0.002102
0.00205771
0.00201408
0.00197114
0.00192887
0.00188723
0.0018463
0.00180589
0.00176621
0.00172733
0.00168905
0.00165155
0.0016147
0.00157876
0.00154329
0.00150875
0.00147506
0.00144201
0.00141002
0.0013786
0.00134835
0.00131876
0.0012902
0.0012625
0.00123569
0.00120984
0.00118475
0.0011607
0.00113713
0.00111459
0.00109274
0.00107159
0.00105132
0.0010316
0.00101216
0.000993542
Residual: 
0.00423559
0.00381786
0.00367083
0.00357692
0.00349787
0.00342718
0.00336146
0.00329989
0.00324164
0.0031859
0.00313208
0.00307914
0.00302692
0.00297579
0.00292604
0.00287728
0.00282986
0.00278334
0.00273778
0.00269331
0.00264971
0.00260675
0.00256438
0.00252249
0.00248113
0.00244011
0.00239907
0.00235861
0.00231833
0.00227844
0.00223901
0.00220006
0.00216192
0.00212442
0.00208784
0.00205198
0.00201697
0.0019827
0.00194929
0.00191656
0.00188444
0.00185304
0.00182195
0.00179179
0.00176195
0.0017327
0.00170389
0.00167583
0.00164787
0.00162039
0.00159329
0.0015665
0.00153991
0.00151365
0.00148772
0.001462
0.00143651
0.00141131
0.00138658
0.00136226
0.00133808
0.00131436
0.00129107
0.00126809
0.00124572
0.00122371
0.00120208
0.00118098
0.00116017
0.00113982
0.00111991
0.00110019
0.00108082
0.00106191
0.00104324
0.00102482
0.00100684
0.000989287
Residual: 
0.000979015
