 2.50468e-40
-1.54775e-40
 6.17299e-40
 8.57885e-40
 1.45762e-39
-1.26218e-39
-7.85212e-40
  1.4247e-39
-1.29036e-39
 3.37078e-40
-1.49737e-40
 8.94335e-40
-9.71946e-40
 9.87285e-41
 3.38059e-39
 3.12627e-39
  1.0145e-39
 1.60087e-39
 -2.5762e-39
 7.42339e-40
-3.20431e-39
-1.60583e-39
-2.10642e-39
 1.61562e-39
-1.63602e-39
-4.13379e-40
-1.31088e-39
 -1.1245e-39
  1.0879e-39
-4.12876e-40
 9.52182e-42
 0.000147417
 0.000584002
  0.00129298
   0.0022471
  0.00340969
  0.00473609
  0.00617531
  0.00767204
  0.00916878
    0.010608
   0.0119344
    0.013097
   0.0140511
     0.01476
   0.0151966
    0.015344
   0.0151966
     0.01476
    0.014051
   0.0130969
   0.0119343
   0.0106079
  0.00916873
    0.007672
  0.00617527
  0.00473606
  0.00340967
  0.00224708
  0.00129297
 0.000583997
 0.000147416
  0.00029011
  0.00114929
  0.00254453
  0.00442219
  0.00671013
  0.00932042
   0.0121527
   0.0150982
   0.0180437
    0.020876
   0.0234863
   0.0257742
   0.0276518
    0.029047
   0.0299061
   0.0301962
   0.0299061
   0.0290469
   0.0276517
   0.0257741
   0.0234862
   0.0208759
   0.0180436
   0.0150981
   0.0121526
  0.00932033
  0.00671006
  0.00442214
   0.0025445
  0.00114928
 0.000290107
 0.000428073
  0.00169584
  0.00375458
  0.00652517
  0.00990114
   0.0137527
    0.017932
   0.0222782
   0.0266244
   0.0308035
   0.0346551
   0.0380309
   0.0408014
   0.0428601
   0.0441278
   0.0445558
   0.0441277
   0.0428599
   0.0408012
   0.0380307
   0.0346548
   0.0308033
   0.0266241
   0.0222779
   0.0179317
   0.0137526
    0.009901
  0.00652508
  0.00375452
  0.00169581
 0.000428066
 0.000561303
  0.00222364
  0.00492312
    0.008556
   0.0129827
    0.018033
   0.0235129
   0.0292117
   0.0349105
   0.0403903
   0.0454405
    0.049867
   0.0534996
   0.0561989
   0.0578611
   0.0584224
    0.057861
   0.0561987
   0.0534993
   0.0498666
   0.0454401
   0.0403899
   0.0349101
   0.0292113
   0.0235125
   0.0180327
   0.0129825
  0.00855586
  0.00492303
   0.0022236
 0.000561292
 0.000689803
   0.0027327
  0.00605017
   0.0105147
   0.0159548
   0.0221612
   0.0288956
    0.035899
   0.0429024
   0.0496365
   0.0558427
   0.0612825
   0.0657467
   0.0690639
   0.0711065
   0.0717962
   0.0711064
   0.0690636
   0.0657463
    0.061282
   0.0558422
    0.049636
   0.0429018
   0.0358985
   0.0288951
   0.0221609
   0.0159545
   0.0105145
  0.00605006
  0.00273265
  0.00068979
 0.000813582
  0.00322306
  0.00713581
   0.0124015
   0.0188176
   0.0261377
   0.0340804
   0.0423403
   0.0506002
   0.0585425
   0.0658621
   0.0722777
   0.0775428
    0.081455
   0.0838641
   0.0846774
   0.0838639
   0.0814546
   0.0775423
   0.0722771
   0.0658615
   0.0585419
   0.0505996
   0.0423398
   0.0340799
   0.0261373
   0.0188173
   0.0124013
  0.00713569
    0.003223
 0.000813567
 0.000932643
  0.00369472
  0.00818006
   0.0142163
   0.0215713
   0.0299624
   0.0390672
   0.0485356
   0.0580038
   0.0671079
    0.075498
   0.0828518
   0.0888868
    0.093371
   0.0961323
   0.0970646
   0.0961322
   0.0933707
   0.0888863
   0.0828513
   0.0754974
   0.0671072
   0.0580031
    0.048535
   0.0390667
    0.029962
    0.021571
   0.0142161
  0.00817995
  0.00369467
  0.00093263
  0.00104695
  0.00414757
  0.00918263
   0.0159586
   0.0242149
   0.0336341
   0.0438542
   0.0544823
   0.0651099
   0.0753284
   0.0847452
   0.0929982
   0.0997705
    0.104802
      0.1079
    0.108945
    0.107899
    0.104802
   0.0997702
   0.0929978
   0.0847447
    0.075328
   0.0651094
   0.0544819
   0.0438539
   0.0336338
   0.0242146
   0.0159584
  0.00918254
  0.00414752
  0.00104694
  0.00115646
  0.00458137
    0.010143
   0.0176275
    0.026747
   0.0371508
   0.0484388
    0.060177
    0.071914
   0.0831984
   0.0935963
    0.102708
    0.110184
    0.115737
    0.119156
     0.12031
    0.119156
    0.115737
    0.110183
    0.102708
   0.0935961
   0.0831981
   0.0719137
   0.0601768
   0.0484386
   0.0371506
   0.0267469
   0.0176274
    0.010143
  0.00458134
  0.00115645
  0.00126114
  0.00499606
   0.0110611
   0.0192228
   0.0291673
   0.0405119
   0.0528203
   0.0656188
   0.0784151
    0.090717
    0.102051
    0.111981
    0.120128
     0.12618
    0.129906
    0.131164
    0.129906
     0.12618
    0.120128
    0.111981
    0.102051
   0.0907167
   0.0784149
   0.0656186
     0.05282
   0.0405117
   0.0291671
   0.0192227
    0.011061
  0.00499604
  0.00126114
  0.00136103
  0.00539172
   0.0119369
   0.0207448
   0.0314762
   0.0437181
   0.0569994
   0.0708089
   0.0846149
   0.0978859
    0.110111
    0.120822
    0.129608
    0.136135
    0.140154
     0.14151
    0.140154
    0.136135
    0.129608
    0.120822
    0.110111
   0.0978856
   0.0846146
   0.0708086
   0.0569992
    0.043718
    0.031476
   0.0207447
   0.0119369
  0.00539169
  0.00136102
  0.00145612
  0.00576839
   0.0127708
   0.0221936
   0.0336741
     0.04677
   0.0609771
   0.0757482
   0.0905144
    0.104707
     0.11778
    0.129233
    0.138628
    0.145607
    0.149903
    0.151354
    0.149903
    0.145607
    0.138628
    0.129232
     0.11778
    0.104707
    0.090514
   0.0757478
   0.0609767
   0.0467697
   0.0336738
   0.0221935
   0.0127707
  0.00576835
  0.00145611
   0.0015464
  0.00612603
   0.0135625
   0.0235692
   0.0357607
   0.0496672
   0.0647529
   0.0804366
   0.0961138
     0.11118
    0.125057
    0.137214
    0.147187
    0.154594
    0.159155
    0.160694
    0.159154
    0.154594
    0.147186
    0.137214
    0.125057
     0.11118
   0.0961131
    0.080436
   0.0647524
   0.0496667
   0.0357603
    0.023569
   0.0135623
  0.00612597
  0.00154639
   0.0016319
  0.00646472
   0.0143122
   0.0248718
   0.0377365
   0.0524105
    0.068328
   0.0848754
    0.101415
    0.117308
    0.131946
    0.144769
    0.155288
    0.163101
    0.167911
    0.169535
    0.167911
    0.163101
    0.155287
    0.144769
    0.131945
    0.117307
    0.101414
   0.0848746
   0.0683273
   0.0524099
   0.0377361
   0.0248715
    0.014312
  0.00646464
  0.00163188
  0.00171269
  0.00678473
   0.0150205
   0.0261025
   0.0396032
    0.055002
    0.071705
   0.0890679
    0.106421
    0.123095
    0.138452
    0.151905
    0.162939
    0.171135
     0.17618
    0.177884
     0.17618
    0.171135
    0.162938
    0.151904
    0.138451
    0.123094
     0.10642
   0.0890668
   0.0717041
   0.0550013
   0.0396026
   0.0261021
   0.0150203
  0.00678463
  0.00171267
  0.00178883
  0.00708631
   0.0156881
   0.0272622
   0.0413622
    0.057444
    0.074887
   0.0930181
    0.111137
    0.128548
    0.144582
    0.158627
    0.170147
    0.178703
    0.183971
    0.185749
     0.18397
    0.178703
    0.170146
    0.158626
     0.14458
    0.128546
    0.111136
    0.093017
   0.0748861
   0.0574432
   0.0413616
   0.0272618
   0.0156878
  0.00708619
   0.0017888
  0.00186029
  0.00736938
   0.0163146
   0.0283507
   0.0430132
   0.0597359
   0.0778733
   0.0967252
    0.115563
    0.133664
    0.150333
    0.164934
    0.176909
    0.185804
     0.19128
    0.193128
    0.191279
    0.185803
    0.176909
    0.164933
    0.150332
    0.133663
    0.115562
   0.0967241
   0.0778724
   0.0597351
   0.0430126
   0.0283503
   0.0163144
  0.00736927
  0.00186027
  0.00192703
  0.00763372
   0.0168997
   0.0293672
   0.0445548
    0.061876
   0.0806618
    0.100186
    0.119696
     0.13844
    0.155702
    0.170822
    0.183223
    0.192433
    0.198103
    0.200017
    0.198102
    0.192432
    0.183222
    0.170821
    0.155701
    0.138439
    0.119695
    0.100185
   0.0806609
   0.0618753
   0.0445543
   0.0293669
   0.0168995
  0.00763361
    0.001927
  0.00198902
  0.00787925
   0.0174432
   0.0303114
   0.0459867
   0.0638635
   0.0832512
      0.1034
    0.123533
    0.142876
    0.160688
    0.176289
    0.189085
    0.198588
    0.204438
    0.206413
    0.204438
    0.198587
    0.189084
    0.176288
    0.160687
    0.142874
    0.123532
    0.103399
   0.0832503
   0.0638627
   0.0459861
   0.0303109
   0.0174429
  0.00787914
  0.00198899
   0.0020463
  0.00810613
   0.0179453
   0.0311837
   0.0473096
   0.0656998
   0.0856434
     0.10637
    0.127078
    0.146973
    0.165294
     0.18134
      0.1945
    0.204274
     0.21029
    0.212321
     0.21029
    0.204273
    0.194499
    0.181338
    0.165292
    0.146972
    0.127077
    0.106368
   0.0856424
    0.065699
   0.0473089
   0.0311832
   0.0179451
    0.008106
  0.00204627
  0.00209893
  0.00831459
   0.0184067
   0.0319852
   0.0485251
   0.0673869
   0.0878413
    0.109097
    0.130334
    0.150737
    0.169524
    0.185979
    0.199474
    0.209496
    0.215666
    0.217749
    0.215666
    0.209496
    0.199473
    0.185978
    0.169523
    0.150735
    0.130333
    0.109096
     0.08784
   0.0673858
   0.0485242
   0.0319846
   0.0184064
  0.00831443
  0.00209889
  0.00214695
  0.00850477
   0.0188276
   0.0327164
   0.0496339
    0.068926
   0.0898463
    0.111585
    0.133305
     0.15417
    0.173383
    0.190211
    0.204011
     0.21426
    0.220569
    0.222698
    0.220568
    0.214259
     0.20401
    0.190209
    0.173382
    0.154169
    0.133303
    0.111584
   0.0898448
   0.0689247
    0.049633
   0.0327157
   0.0188273
  0.00850459
   0.0021469
  0.00219035
   0.0086767
   0.0192082
   0.0333774
   0.0506363
   0.0703171
   0.0916585
    0.113834
     0.13599
    0.157273
    0.176871
    0.194035
    0.208111
    0.218565
       0.225
    0.227172
    0.224999
    0.218564
     0.20811
    0.194033
    0.176869
    0.157271
    0.135988
    0.113833
   0.0916568
   0.0703158
   0.0506352
   0.0333767
   0.0192077
   0.0086765
   0.0021903
  0.00222915
  0.00883035
   0.0195482
   0.0339681
   0.0515321
   0.0715604
   0.0932781
    0.115844
    0.138389
    0.160046
    0.179988
    0.197452
    0.211775
    0.222411
    0.228959
    0.231169
    0.228958
    0.222411
    0.211773
     0.19745
    0.179986
    0.160044
    0.138387
    0.115842
   0.0932764
   0.0715591
    0.051531
   0.0339674
   0.0195478
  0.00883015
  0.00222909
  0.00226333
  0.00896575
   0.0198479
   0.0344887
   0.0523215
   0.0726561
   0.0947052
    0.117615
    0.140503
     0.16249
    0.182734
    0.200463
    0.215003
    0.225801
    0.232448
    0.234691
    0.232447
      0.2258
    0.215002
    0.200462
    0.182732
    0.162488
    0.140501
    0.117614
   0.0947037
   0.0726548
   0.0523205
    0.034488
   0.0198475
  0.00896557
  0.00226329
  0.00229294
  0.00908303
   0.0201075
   0.0349395
   0.0530052
   0.0736049
   0.0959412
    0.119149
    0.142334
    0.164606
    0.185112
    0.203071
    0.217799
    0.228736
    0.235469
    0.237742
    0.235469
    0.228736
    0.217798
     0.20307
    0.185111
    0.164604
    0.142332
    0.119148
     0.09594
   0.0736039
   0.0530044
    0.034939
   0.0201071
  0.00908288
   0.0022929
  0.00231802
  0.00918237
   0.0203273
   0.0353215
   0.0535843
   0.0744087
   0.0969882
    0.120448
    0.143885
    0.166398
    0.187127
     0.20528
    0.220167
    0.231223
    0.238028
    0.240325
    0.238028
    0.231222
    0.220166
    0.205279
    0.187126
    0.166397
    0.143884
    0.120447
   0.0969873
   0.0744079
   0.0535837
    0.035321
   0.0203271
  0.00918225
  0.00231799
  0.00233861
  0.00926391
   0.0205078
   0.0356349
   0.0540596
   0.0750683
   0.0978474
    0.121514
    0.145157
    0.167869
     0.18878
    0.207093
     0.22211
    0.233263
    0.240128
    0.242445
    0.240128
    0.233262
     0.22211
    0.207092
    0.188779
    0.167868
    0.145156
    0.121513
   0.0978465
   0.0750676
    0.054059
   0.0356345
   0.0205075
   0.0092638
  0.00233858
  0.00235466
  0.00932748
   0.0206485
   0.0358793
   0.0544302
   0.0755827
   0.0985174
    0.122346
     0.14615
    0.169016
    0.190069
    0.208506
    0.223625
    0.234854
    0.241765
    0.244098
    0.241765
    0.234853
    0.223625
    0.208505
    0.190068
    0.169015
    0.146149
    0.122345
   0.0985165
    0.075582
   0.0544297
    0.035879
   0.0206483
  0.00932738
  0.00235464
  0.00236616
  0.00937304
   0.0207493
   0.0360545
   0.0546958
   0.0759512
   0.0989975
    0.122941
    0.146861
    0.169837
    0.190992
    0.209518
    0.224711
    0.235993
    0.242938
    0.245282
    0.242938
    0.235993
     0.22471
    0.209517
    0.190991
    0.169836
     0.14686
     0.12294
   0.0989964
   0.0759504
   0.0546951
    0.036054
    0.020749
  0.00937291
  0.00236613
  0.00237317
  0.00940079
   0.0208107
   0.0361612
   0.0548576
   0.0761758
   0.0992899
    0.123304
    0.147294
    0.170338
    0.191555
    0.210135
    0.225372
    0.236688
    0.243653
    0.246004
    0.243652
    0.236687
    0.225371
    0.210134
    0.191553
    0.170336
    0.147292
    0.123303
   0.0992886
   0.0761747
   0.0548567
   0.0361606
   0.0208104
  0.00940063
  0.00237313
   0.0023757
  0.00941082
   0.0208329
   0.0361997
    0.054916
   0.0762569
   0.0993956
    0.123435
    0.147451
    0.170519
    0.191758
    0.210358
    0.225611
    0.236939
    0.243911
    0.246265
     0.24391
    0.236938
     0.22561
    0.210357
    0.191756
    0.170517
    0.147449
    0.123434
    0.099394
   0.0762556
    0.054915
    0.036199
   0.0208325
  0.00941063
  0.00237565
  0.00237371
  0.00940291
   0.0208154
   0.0361693
     0.05487
    0.076193
   0.0993124
    0.123332
    0.147327
    0.170377
    0.191598
    0.210183
    0.225423
    0.236741
    0.243708
     0.24606
    0.243707
     0.23674
    0.225422
    0.210181
    0.191596
    0.170375
    0.147325
     0.12333
   0.0993107
   0.0761916
   0.0548689
   0.0361686
    0.020815
  0.00940271
  0.00237365
  0.00236712
  0.00937684
   0.0207577
   0.0360691
   0.0547181
   0.0759822
   0.0990379
    0.122992
    0.146921
    0.169907
     0.19107
    0.209604
    0.224803
     0.23609
    0.243037
    0.245383
    0.243037
    0.236089
    0.224802
    0.209603
    0.191069
    0.169905
    0.146919
     0.12299
   0.0990363
   0.0759809
    0.054717
   0.0360684
   0.0207573
  0.00937665
  0.00236708
  0.00235596
  0.00933264
   0.0206599
   0.0358992
   0.0544604
   0.0756246
   0.0985721
    0.122414
    0.146231
     0.16911
    0.190175
    0.208622
     0.22375
    0.234985
      0.2419
    0.244234
      0.2419
    0.234984
    0.223749
    0.208621
    0.190173
    0.169108
    0.146229
    0.122412
   0.0985707
   0.0756234
   0.0544595
   0.0358986
   0.0206595
  0.00933247
  0.00235592
  0.00234026
  0.00927045
   0.0205223
   0.0356601
   0.0540979
   0.0751216
   0.0979169
    0.121601
    0.145261
    0.167989
    0.188915
    0.207241
    0.222269
     0.23343
      0.2403
    0.242619
    0.240299
    0.233429
    0.222268
    0.207239
    0.188913
    0.167987
    0.145259
    0.121599
   0.0979157
   0.0751206
   0.0540971
   0.0356596
    0.020522
  0.00927031
  0.00234022
  0.00232005
  0.00919042
   0.0203452
   0.0353525
   0.0536314
   0.0744742
   0.0970737
    0.120555
    0.144012
    0.166545
    0.187293
    0.205462
    0.220363
    0.231429
     0.23824
    0.240539
     0.23824
    0.231428
    0.220362
    0.205462
    0.187292
    0.166544
    0.144011
    0.120554
   0.0970729
   0.0744735
   0.0536309
   0.0353521
   0.0203449
  0.00919032
  0.00232003
   0.0022953
  0.00909239
   0.0201282
   0.0349756
     0.05306
   0.0736812
   0.0960409
    0.119273
    0.142482
    0.164778
    0.185306
    0.203284
    0.218028
    0.228977
    0.235717
    0.237992
    0.235717
    0.228977
    0.218027
    0.203284
    0.185305
    0.164777
    0.142481
    0.119272
   0.0960403
   0.0736807
   0.0530596
   0.0349754
   0.0201281
  0.00909232
  0.00229529
  0.00226591
  0.00897598
   0.0198706
   0.0345281
   0.0523814
   0.0727394
   0.0948141
    0.117751
    0.140665
    0.162678
    0.182946
    0.200697
    0.215254
    0.226065
    0.232719
    0.234966
    0.232719
    0.226064
    0.215253
    0.200696
    0.182946
    0.162677
    0.140665
     0.11775
   0.0948137
   0.0727391
   0.0523812
    0.034528
   0.0198705
  0.00897593
   0.0022659
  0.00223184
  0.00884104
   0.0195719
   0.0340093
   0.0515948
   0.0716477
    0.093392
    0.115986
    0.138559
    0.160243
     0.18021
    0.197696
    0.212037
    0.222688
    0.229243
    0.231457
    0.229243
    0.222687
    0.212037
    0.197696
    0.180209
    0.160243
    0.138558
    0.115986
   0.0933917
   0.0716474
   0.0515945
   0.0340092
   0.0195718
    0.008841
  0.00223183
  0.00219318
  0.00868792
    0.019233
   0.0334207
   0.0507021
   0.0704087
   0.0917781
    0.113983
    0.136168
     0.15748
    0.177104
    0.194291
    0.208386
    0.218854
    0.225298
    0.227473
    0.225298
    0.218854
    0.208386
    0.194291
    0.177104
    0.157479
    0.136167
    0.113983
   0.0917776
   0.0704083
   0.0507018
   0.0334205
   0.0192329
  0.00868786
  0.00219317
  0.00215001
  0.00851692
   0.0188546
   0.0327633
   0.0497051
    0.069025
   0.0899756
    0.111746
    0.133498
    0.154394
    0.173635
    0.190487
    0.204308
    0.214573
    0.220891
    0.223024
    0.220891
    0.214572
    0.204308
    0.190487
    0.173634
    0.154393
    0.133497
    0.111746
    0.089975
   0.0690245
   0.0497047
    0.032763
   0.0188544
  0.00851684
  0.00214999
  0.00210227
  0.00832783
    0.018436
   0.0320362
   0.0486026
   0.0674948
   0.0879822
    0.109273
    0.130544
     0.15098
    0.169798
     0.18628
    0.199798
    0.209837
    0.216017
    0.218103
    0.216016
    0.209836
    0.199797
    0.186279
    0.169797
    0.150979
    0.130543
    0.109272
   0.0879814
   0.0674941
   0.0486021
   0.0320359
   0.0184358
  0.00832773
  0.00210225
  0.00204986
  0.00812022
   0.0179766
    0.031238
   0.0473921
   0.0658146
   0.0857934
    0.106556
    0.127301
    0.147232
    0.165585
     0.18166
    0.194844
    0.204636
    0.210663
    0.212698
    0.210663
    0.204635
    0.194843
    0.181659
    0.165584
    0.147231
      0.1273
    0.106555
   0.0857926
   0.0658139
   0.0473916
   0.0312376
   0.0179763
  0.00812012
  0.00204983
  0.00199273
  0.00789396
   0.0174758
    0.030368
   0.0460728
   0.0639834
   0.0834077
    0.103595
    0.123766
    0.143146
    0.160992
    0.176623
    0.189443
    0.198965
    0.204827
    0.206805
    0.204826
    0.198965
    0.189443
    0.176622
    0.160991
    0.143145
    0.123765
    0.103594
   0.0834068
   0.0639826
   0.0460723
   0.0303677
   0.0174755
  0.00789385
   0.0019927
  0.00193089
    0.007649
   0.0169336
   0.0294262
   0.0446444
   0.0620006
   0.0808244
    0.100389
    0.119938
    0.138721
    0.156018
    0.171169
    0.183595
    0.192825
    0.198506
    0.200424
    0.198506
    0.192824
    0.183595
    0.171168
    0.156017
     0.13872
    0.119937
    0.100388
   0.0808236
   0.0619999
   0.0446438
   0.0294258
   0.0169334
   0.0076489
  0.00193086
  0.00186429
  0.00738521
   0.0163497
   0.0284118
   0.0431059
   0.0598649
   0.0780418
   0.0969347
    0.115814
    0.133954
     0.15066
    0.165293
    0.177295
     0.18621
    0.191698
     0.19355
    0.191697
    0.186209
    0.177295
    0.165292
    0.150659
    0.133953
    0.115813
   0.0969338
    0.078041
   0.0598642
   0.0431054
   0.0284114
   0.0163495
  0.00738511
  0.00186426
  0.00179289
   0.0071024
   0.0157237
   0.0273242
   0.0414564
   0.0575751
   0.0750581
   0.0932309
    0.111392
    0.128843
    0.144914
    0.158992
    0.170539
    0.179115
    0.184395
    0.186178
    0.184395
    0.179115
    0.170538
    0.158991
    0.144913
    0.128841
    0.111391
   0.0932299
   0.0750572
   0.0575743
   0.0414559
   0.0273238
   0.0157235
  0.00710229
  0.00179286
  0.00171666
  0.00680047
   0.0150554
   0.0261631
   0.0396953
   0.0551302
   0.0718723
    0.089276
     0.10667
    0.123384
    0.138777
    0.152262
    0.163322
    0.171538
    0.176595
    0.178303
    0.176595
    0.171537
    0.163322
    0.152261
    0.138776
    0.123382
    0.106668
   0.0892748
   0.0718713
   0.0551293
   0.0396947
   0.0261627
   0.0150551
  0.00680035
  0.00171663
  0.00163562
  0.00647945
   0.0143448
   0.0249285
   0.0378227
   0.0525304
   0.0684846
   0.0850701
    0.101648
    0.117578
     0.13225
    0.145104
    0.155647
    0.163478
    0.168299
    0.169927
    0.168299
    0.163477
    0.155646
    0.145102
    0.132249
    0.117577
    0.101646
   0.0850691
   0.0684836
   0.0525296
   0.0378221
   0.0249281
   0.0143445
  0.00647933
  0.00163559
   0.0015498
  0.00613951
   0.0135923
   0.0236211
   0.0358396
    0.049777
   0.0648962
   0.0806149
   0.0963271
    0.111427
    0.125336
     0.13752
    0.147515
    0.154939
     0.15951
    0.161053
     0.15951
    0.154939
    0.147514
    0.137519
    0.125335
    0.111426
   0.0963261
    0.080614
   0.0648955
   0.0497763
   0.0358391
   0.0236208
   0.0135921
  0.00613942
  0.00154978
  0.00145925
   0.0057808
   0.0127983
   0.0222414
   0.0337467
    0.046871
    0.061109
   0.0759123
   0.0907108
    0.104934
    0.118036
    0.129514
     0.13893
    0.145924
     0.15023
    0.151684
     0.15023
    0.145924
    0.138929
    0.129513
    0.118035
    0.104934
     0.09071
   0.0759116
   0.0611083
   0.0468705
   0.0337463
   0.0222411
   0.0127981
  0.00578072
  0.00145923
  0.00136395
  0.00540329
   0.0119626
   0.0207894
   0.0315439
   0.0438123
   0.0571224
   0.0709619
   0.0847979
   0.0980979
     0.11035
    0.121084
     0.12989
    0.136431
    0.140458
    0.141818
    0.140458
    0.136431
    0.129889
    0.121083
    0.110349
   0.0980972
   0.0847972
   0.0709613
   0.0571219
   0.0438119
   0.0315436
   0.0207892
   0.0119625
  0.00540324
  0.00136393
  0.00126387
  0.00500685
    0.011085
   0.0192644
   0.0292304
   0.0405997
   0.0529349
   0.0657614
   0.0785858
   0.0909145
    0.102273
    0.112225
     0.12039
    0.126455
     0.13019
     0.13145
     0.13019
    0.126455
     0.12039
    0.112225
    0.102273
   0.0909143
   0.0785855
   0.0657612
   0.0529347
   0.0405996
   0.0292303
   0.0192643
   0.0110849
  0.00500683
  0.00126386
  0.00115898
  0.00459137
   0.0101652
    0.017666
   0.0268055
   0.0372321
    0.048545
   0.0603091
    0.072072
   0.0833814
   0.0938023
    0.102934
    0.110426
    0.115992
    0.119419
    0.120576
    0.119419
    0.115992
    0.110426
    0.102934
   0.0938023
   0.0833813
   0.0720719
    0.060309
    0.048545
   0.0372321
   0.0268055
    0.017666
   0.0101652
  0.00459137
  0.00115898
  0.00104927
  0.00415675
  0.00920298
   0.0159939
   0.0242686
   0.0337088
   0.0439518
   0.0546037
   0.0652551
   0.0754965
   0.0849345
   0.0932062
   0.0999937
    0.105036
    0.108141
    0.109189
    0.108141
    0.105036
   0.0999937
   0.0932062
   0.0849345
   0.0754966
   0.0652551
   0.0546037
   0.0439519
   0.0337089
   0.0242687
    0.015994
  0.00920301
  0.00415677
  0.00104928
 0.000934749
  0.00370307
  0.00819855
   0.0142484
   0.0216201
   0.0300303
   0.0391558
   0.0486458
   0.0581356
   0.0672606
   0.0756701
   0.0830408
   0.0890897
   0.0935844
   0.0963521
   0.0972867
   0.0963522
   0.0935844
   0.0890898
   0.0830409
   0.0756702
   0.0672608
   0.0581358
    0.048646
   0.0391559
   0.0300305
   0.0216202
   0.0142485
   0.0081986
  0.00370309
 0.000934755
 0.000815444
  0.00323043
  0.00715216
   0.0124299
   0.0188608
   0.0261977
   0.0341587
   0.0424377
   0.0507168
   0.0586776
   0.0660142
   0.0724448
   0.0777222
   0.0816436
   0.0840584
   0.0848738
   0.0840584
   0.0816437
   0.0777223
   0.0724449
   0.0660143
   0.0586777
    0.050717
    0.042438
   0.0341589
   0.0261979
   0.0188609
     0.01243
  0.00715222
  0.00323046
 0.000815451
 0.000691379
  0.00273894
    0.006064
   0.0105388
   0.0159913
    0.022212
   0.0289618
   0.0359814
    0.043001
   0.0497508
   0.0559714
   0.0614238
   0.0658985
   0.0692234
    0.071271
   0.0719623
    0.071271
   0.0692235
   0.0658986
   0.0614239
   0.0559716
    0.049751
   0.0430012
   0.0359816
    0.028962
   0.0222122
   0.0159914
   0.0105389
  0.00606406
  0.00273897
 0.000691385
 0.000562566
  0.00222864
  0.00493421
  0.00857528
   0.0130119
   0.0180737
    0.023566
   0.0292778
   0.0349895
   0.0404818
   0.0455435
   0.0499801
   0.0536212
   0.0563267
   0.0579928
   0.0585554
   0.0579928
   0.0563268
   0.0536213
   0.0499803
   0.0455437
    0.040482
   0.0349897
   0.0292779
   0.0235661
   0.0180738
    0.013012
  0.00857534
  0.00493424
  0.00222866
  0.00056257
 0.000429017
  0.00169958
  0.00376287
  0.00653958
  0.00992301
   0.0137831
   0.0179716
   0.0223275
   0.0266833
   0.0308718
   0.0347319
   0.0381154
   0.0408921
   0.0429553
   0.0442259
   0.0446549
   0.0442259
   0.0429554
   0.0408921
   0.0381154
    0.034732
   0.0308719
   0.0266834
   0.0223275
   0.0179717
   0.0137832
  0.00992304
   0.0065396
  0.00376288
  0.00169959
 0.000429019
 0.000290738
  0.00115178
  0.00255003
  0.00443177
  0.00672466
  0.00934061
   0.0121791
    0.015131
   0.0180829
   0.0209214
   0.0235373
   0.0258302
   0.0277119
   0.0291102
   0.0299712
   0.0302619
   0.0299712
   0.0291102
   0.0277119
   0.0258302
   0.0235373
   0.0209214
   0.0180829
    0.015131
   0.0121791
  0.00934061
  0.00672466
  0.00443176
  0.00255003
  0.00115178
 0.000290738
  0.00014773
 0.000585242
  0.00129572
  0.00225187
  0.00341694
  0.00474615
  0.00618843
  0.00768836
  0.00918828
   0.0106306
   0.0119598
   0.0131248
    0.014081
   0.0147915
    0.015229
   0.0153767
    0.015229
   0.0147915
    0.014081
   0.0131248
   0.0119598
   0.0106305
  0.00918826
  0.00768834
  0.00618842
  0.00474614
  0.00341692
  0.00225186
  0.00129572
  0.00058524
 0.000147729
-3.21634e-40
 6.42565e-41
 5.47838e-40
 1.23615e-39
-8.57232e-40
 1.18126e-39
 9.62986e-40
 1.39518e-39
 1.62984e-39
-2.99495e-39
-1.22305e-41
-3.36256e-41
 2.74495e-39
  1.8254e-39
  3.0188e-39
-2.84243e-39
-1.40068e-39
-1.77101e-39
 7.63717e-40
 1.10572e-39
-1.19682e-39
  1.7621e-39
-2.84032e-39
 2.56952e-39
-1.86706e-39
 3.95187e-40
-2.91975e-40
-1.01661e-39
-6.27806e-40
 1.59466e-40
-1.53612e-40
