0.0
0.0
0.0
0.0
0.0
0.0
0.0
0.0
0.0
0.0
0.0
0.0
0.0
0.0
0.0
0.0
0.0
0.0
0.0
0.0
0.0
0.0
0.0
0.0
0.0
0.0
0.0
0.0
0.0
0.0
0.0
0.0001477694500239846
0.0005853991030015788
0.0012960710967943906
0.0022524747052304083
0.003417855873994758
0.004747429658325115
0.006190101283323233
0.007690429687499999
0.009190758091676769
0.010633429716674884
0.011963003501005239
0.01312838466976959
0.014084788278205612
0.01479546027199842
0.015233089924976012
0.015380859375
0.015233089924976016
0.01479546027199842
0.014084788278205612
0.01312838466976959
0.011963003501005242
0.01063342971667489
0.00919075809167677
0.007690429687500001
0.006190101283323233
0.004747429658325115
0.0034178558739947616
0.0022524747052304096
0.001296071096794391
0.000585399103001581
0.00014776945002398527
0.0002908478063964141
0.001152214107495171
0.0025509970794048323
0.004433442276961439
0.006727208386910317
0.009344147264004987
0.012183691414794933
0.015136718749999998
0.01808974608520507
0.02092929023599501
0.023546229113089675
0.02583999522303856
0.02772244042059517
0.029121223392504825
0.02998258969360358
0.0302734375
0.029982589693603588
0.029121223392504825
0.02772244042059517
0.02583999522303856
0.023546229113089682
0.020929290235995022
0.018089746085205072
0.015136718750000003
0.012183691414794933
0.009344147264004987
0.006727208386910324
0.004433442276961442
0.002550997079404833
0.0011522141074951752
0.0002908478063964154
0.0004292350691172886
0.0017004450134807767
0.0037647779478313255
0.006542902715193091
0.009928057538746678
0.01379015281703962
0.0179807703944151
0.022338867187499993
0.0266969639805849
0.030887581557960377
0.03474967683625332
0.038134831659806905
0.04091295642716868
0.042977289361519226
0.044248499305882705
0.044677734375
0.04424849930588271
0.042977289361519226
0.04091295642716868
0.038134831659806905
0.034749676836253324
0.030887581557960397
0.02669696398058491
0.022338867187500003
0.0179807703944151
0.01379015281703962
0.009928057538746687
0.0065429027151930955
0.0037647779478313264
0.0017004450134807828
0.0004292350691172905
0.0005629312381866079
0.002230091820958395
0.004937413702073869
0.008580856019925366
0.01302040332950384
0.018085446317429008
0.023581338222183744
0.029296874999999993
0.03501241177781626
0.04050830368257099
0.04557334667049615
0.050012893980074635
0.053656336297926134
0.056363658179041605
0.05803081876181339
0.05859375
0.0580308187618134
0.056363658179041605
0.053656336297926134
0.050012893980074635
0.04557334667049616
0.040508303682571016
0.03501241177781627
0.029296875000000003
0.023581338222183744
0.018085446317429008
0.013020403329503853
0.008580856019925372
0.004937413702073871
0.0022300918209584037
0.0005629312381866104
0.0006919363136043723
0.0027411545299280272
0.006068904342132464
0.010547302191158263
0.016004245759181805
0.022230027765173153
0.02898539489810085
0.03601074218749999
0.04303608947689915
0.04979145660982684
0.056017238615818185
0.06147418218384174
0.06595258003286755
0.06928032984507197
0.07132954806139562
0.072021484375
0.07132954806139563
0.06928032984507197
0.06595258003286755
0.06147418218384174
0.0560172386158182
0.04979145660982687
0.043036089476899166
0.03601074218750001
0.02898539489810085
0.022230027765173153
0.01600424575918182
0.010547302191158268
0.006068904342132467
0.0027411545299280376
0.0006919363136043754
0.0008162502953705815
0.0032336331403896735
0.007159249868007111
0.01244224122889178
0.018879584827780568
0.02622389716027206
0.034192940422166425
0.04248046874999999
0.05076799707783358
0.05873704033972794
0.06608135267221942
0.07251869627110821
0.0778016876319929
0.08172730435961033
0.08414468720462942
0.0849609375
0.08414468720462942
0.08172730435961033
0.0778016876319929
0.07251869627110821
0.06608135267221943
0.05873704033972797
0.050767997077833596
0.04248046875000001
0.034192940422166425
0.02622389716027206
0.018879584827780585
0.012442241228891789
0.007159249868007112
0.003233633140389685
0.0008162502953705852
0.0009358731834852356
0.0037075276523433325
0.008208450279697806
0.014265673133125921
0.021646420535300137
0.030067054502725725
0.039203974794380474
0.04870605468749999
0.05820813458061953
0.06734505487227427
0.07576568883969985
0.08314643624187407
0.0892036590953022
0.09370458172265667
0.09647623619151474
0.097412109375
0.09647623619151477
0.09370458172265667
0.0892036590953022
0.08314643624187407
0.07576568883969988
0.0673450548722743
0.058208134580619554
0.04870605468750001
0.039203974794380474
0.030067054502725725
0.021646420535300154
0.014265673133125928
0.008208450279697809
0.0037075276523433455
0.0009358731834852398
0.0010508049779483347
0.004162838065789005
0.009216505577204555
0.016017597903860686
0.024304752881740502
0.03375949979253415
0.04401849801474298
0.054687499999999986
0.06535650198525703
0.07561550020746585
0.08507024711825947
0.09335740209613931
0.1
0.1
0.1
0.1
0.1
0.1
0.1
0.09335740209613931
0.0850702471182595
0.07561550020746588
0.06535650198525704
0.05468750000000001
0.04401849801474298
0.03375949979253415
0.024304752881740527
0.016017597903860693
0.009216505577204558
0.00416283806578902
0.0010508049779483395
0.0011610456787598791
0.00459956438072669
0.010183415760527356
0.017698015541096065
0.02685458186710167
0.03730123302969733
0.04863651008325397
0.06042480468749999
0.07221309929174603
0.08354837634530266
0.0939950275078983
0.1
0.1
0.1
0.1
0.1
0.1
0.1
0.1
0.1
0.09399502750789833
0.08354837634530271
0.07221309929174606
0.06042480468750001
0.04863651008325397
0.03730123302969733
0.026854581867101695
0.01769801554109608
0.010183415760527358
0.0045995643807267075
0.0011610456787598843
0.0012665952859198678
0.005017706597156389
0.011109180829666204
0.019306926044832074
0.02929590749138364
0.04069225421421527
0.053058010999913426
0.06591796874999999
0.07877792650008658
0.09114368328578473
0.1
0.1
0.1
0.1
0.1
0.1
0.1
0.1
0.1
0.1
0.1
0.09114368328578477
0.07877792650008661
0.06591796875000001
0.053058010999913426
0.04069225421421527
0.029295907491383666
0.019306926044832085
0.01110918082966621
0.005017706597156408
0.0012665952859198736
0.0013674537994283016
0.0054172647150781015
0.011993800784621107
0.0208443294150687
0.031628729754586415
0.043932563346087965
0.057283000764721335
0.07116699218749999
0.08505098361027867
0.09840142102891203
0.1
0.1
0.1
0.1
0.1
0.1
0.1
0.1
0.1
0.1
0.1
0.09840142102891208
0.08505098361027869
0.07116699218750001
0.057283000764721335
0.043932563346087965
0.03162872975458644
0.020844329415068714
0.01199380078462111
0.005417264715078122
0.001367453799428308
0.0014636212192851807
0.005798238734491828
0.01283727562539206
0.02231022565180595
0.03385304865670998
0.04702216042531542
0.06131147937767773
0.07617187499999999
0.09103227062232229
0.1
0.1
0.1
0.1
0.1
0.1
0.1
0.1
0.1
0.1
0.1
0.1
0.1
0.09103227062232232
0.07617187500000003
0.06131147937767773
0.04702216042531542
0.033853048656710016
0.022310225651805966
0.012837275625392063
0.005798238734491849
0.0014636212192851875
0.0015550975454905046
0.006160628655397567
0.013639605351979063
0.02370461475504382
0.03596886419775436
0.04996104545189763
0.06514344683878259
0.0809326171875
0.09672178753621742
0.1
0.1
0.1
0.1
0.1
0.1
0.1
0.1
0.1
0.1
0.1
0.1
0.1
0.09672178753621746
0.08093261718750001
0.06514344683878259
0.04996104545189763
0.03596886419775439
0.023704614755043835
0.013639605351979068
0.00616062865539759
0.0015550975454905116
0.001641882778044273
0.006504434477795321
0.014400789964382116
0.025027496724782317
0.03797617637771954
0.052749218425834604
0.0687789031480359
0.08544921874999997
0.1
0.1
0.1
0.1
0.1
0.1
0.1
0.1
0.1
0.1
0.1
0.1
0.1
0.1
0.1
0.08544921875
0.0687789031480359
0.052749218425834604
0.03797617637771957
0.02502749672478233
0.014400789964382122
0.006504434477795344
0.0016418827780442806
0.001723976916946487
0.006829656201685086
0.015120829462601225
0.026278871561021436
0.03987498519660551
0.05538667934712634
0.07221784830543772
0.08972167968749997
0.1
0.1
0.1
0.1
0.1
0.1
0.1
0.1
0.1
0.1
0.1
0.1
0.1
0.1
0.1
0.08972167968750001
0.07221784830543772
0.05538667934712634
0.039874985196605546
0.026278871561021447
0.01512082946260123
0.006829656201685112
0.0017239769169464945
0.0018013799621971454
0.007136293827066866
0.01579972384663638
0.02745873926376117
0.04166529065441229
0.05787342821577282
0.07546028231098798
0.09374999999999999
0.1
0.1
0.1
0.1
0.1
0.1
0.1
0.1
0.1
0.1
0.1
0.1
0.1
0.1
0.1
0.09375000000000001
0.07546028231098798
0.05787342821577282
0.04166529065441233
0.02745873926376119
0.015799723846636388
0.007136293827066891
0.0018013799621971536
0.001874091913796249
0.007424347353940658
0.016437473116487588
0.02856709983300153
0.04334709275113986
0.060209465031774066
0.0785062051646867
0.09753417968749999
0.1
0.1
0.1
0.1
0.1
0.1
0.1
0.1
0.1
0.1
0.1
0.1
0.1
0.1
0.1
0.09753417968750003
0.0785062051646867
0.060209465031774066
0.043347092751139904
0.028567099833001545
0.016437473116487595
0.007424347353940685
0.0018740919137962575
0.0019421127717437977
0.0076938167823064636
0.01703407727215485
0.02960395326874251
0.044920391486788246
0.06239478979513008
0.08135561686653392
0.1
0.1
0.1
0.1
0.1
0.1
0.1
0.1
0.1
0.1
0.1
0.1
0.1
0.1
0.1
0.1
0.1
0.08135561686653392
0.06239478979513008
0.04492039148678829
0.029603953268742534
0.017034077272154856
0.007693816782306493
0.0019421127717438064
0.0020054425360397908
0.007944702112164283
0.017589536313638156
0.03056929957098412
0.04638518686135743
0.06442940250584084
0.08400851741652958
0.1
0.1
0.1
0.1
0.1
0.1
0.1
0.1
0.1
0.1
0.1
0.1
0.1
0.1
0.1
0.1
0.1
0.08400851741652958
0.06442940250584084
0.04638518686135747
0.030569299570984133
0.017589536313638163
0.007944702112164312
0.0020054425360398
0.002064081206684229
0.008177003343514117
0.018103850240937518
0.031463138739726344
0.04774147887484742
0.06631330316390636
0.08646490681467373
0.1
0.1
0.1
0.1
0.1
0.1
0.1
0.1
0.1
0.1
0.1
0.1
0.1
0.1
0.1
0.1
0.1
0.08646490681467373
0.06631330316390636
0.047741478874847455
0.03146313873972636
0.018103850240937528
0.008177003343514146
0.0020640812066842385
0.002118028783677113
0.008390720476355964
0.018577019054052932
0.03228547077496919
0.048989267527258205
0.06804649176932664
0.08872478506096633
0.1
0.1
0.1
0.1
0.1
0.1
0.1
0.1
0.1
0.1
0.1
0.1
0.1
0.1
0.1
0.1
0.1
0.08872478506096633
0.06804649176932664
0.04898926752725824
0.03228547077496921
0.01857701905405294
0.008390720476355992
0.0021180287836771216
0.0021672852670184405
0.008585853510689823
0.019009042752984397
0.03303629567671266
0.05012855281858979
0.06962896832210168
0.0907881521554074
0.1
0.1
0.1
0.1
0.1
0.1
0.1
0.1
0.1
0.1
0.1
0.1
0.1
0.1
0.1
0.1
0.1
0.0907881521554074
0.06962896832210168
0.05012855281858983
0.03303629567671267
0.0190090427529844
0.008585853510689854
0.00216728526701845
0.002211850656708214
0.008762402446515695
0.01939992133773191
0.03371561344495675
0.05115933474884217
0.07106073282223148
0.09265500809799695
0.1
0.1
0.1
0.1
0.1
0.1
0.1
0.1
0.1
0.1
0.1
0.1
0.1
0.1
0.1
0.1
0.1
0.09265500809799695
0.07106073282223148
0.05115933474884222
0.03371561344495677
0.01939992133773192
0.008762402446515728
0.0022118506567082234
0.0022517249527464317
0.008920367283833582
0.019749654808295474
0.034323424079701466
0.05208161331801536
0.07234178526971603
0.09432535288873498
0.1
0.1
0.1
0.1
0.1
0.1
0.1
0.1
0.1
0.1
0.1
0.1
0.1
0.1
0.1
0.1
0.1
0.09432535288873498
0.07234178526971603
0.052081613318015405
0.03432342407970149
0.019749654808295485
0.008920367283833615
0.002251724952746442
0.0022869081551330946
0.009059748022643482
0.020058243164675093
0.0348597275809468
0.05289538852610935
0.07347212566455534
0.09579918652762144
0.1
0.1
0.1
0.1
0.1
0.1
0.1
0.1
0.1
0.1
0.1
0.1
0.1
0.1
0.1
0.1
0.1
0.09579918652762144
0.07347212566455534
0.052895388526109394
0.03485972758094682
0.020058243164675096
0.009059748022643515
0.0022869081551331054
0.0023174002638682027
0.009180544662945394
0.02032568640687076
0.03532452394869275
0.053600660373124144
0.07445175400674942
0.0970765090146564
0.1
0.1
0.1
0.1
0.1
0.1
0.1
0.1
0.1
0.1
0.1
0.1
0.1
0.1
0.1
0.1
0.1
0.0970765090146564
0.07445175400674942
0.053600660373124186
0.035324523948692774
0.02032568640687077
0.009180544662945428
0.002317400263868213
0.0023432012789517554
0.00928275720473932
0.020551984534882477
0.03571781318293934
0.05419742885905974
0.07528067029629824
0.09815732034983983
0.1
0.1
0.1
0.1
0.1
0.1
0.1
0.1
0.1
0.1
0.1
0.1
0.1
0.1
0.1
0.1
0.1
0.09815732034983983
0.07528067029629824
0.05419742885905978
0.03571781318293936
0.020551984534882488
0.009282757204739355
0.0023432012789517663
0.0023643112003837534
0.00936638564802526
0.02073713754871025
0.03603959528368654
0.05468569398391613
0.07595887453320183
0.09904162053317171
0.1
0.1
0.1
0.1
0.1
0.1
0.1
0.1
0.1
0.1
0.1
0.1
0.1
0.1
0.1
0.1
0.1
0.09904162053317171
0.07595887453320183
0.05468569398391618
0.036039595283686554
0.020737137548710257
0.009366385648025295
0.0023643112003837643
0.002380730028164196
0.009431429992803214
0.02088114544835407
0.03628987025093436
0.05506545574769332
0.07648636671746017
0.09972940956465207
0.1
0.1
0.1
0.1
0.1
0.1
0.1
0.1
0.1
0.1
0.1
0.1
0.1
0.1
0.1
0.1
0.1
0.09972940956465207
0.07648636671746017
0.05506545574769337
0.03628987025093438
0.020881145448354076
0.00943142999280325
0.002380730028164207
0.002392457762293084
0.00947789023907318
0.020984008233813942
0.03646863808468281
0.05533671415039132
0.07686314684907328
0.1
0.1
0.1
0.1
0.1
0.1
0.1
0.1
0.1
0.1
0.1
0.1
0.1
0.1
0.1
0.1
0.1
0.1
0.1
0.07686314684907328
0.05533671415039137
0.03646863808468283
0.02098400823381395
0.009477890239073215
0.0023924577622930947
0.0023994944027704163
0.00950576638683516
0.021045725905089865
0.03657589878493187
0.05549946919201012
0.07708921492804115
0.1
0.1
0.1
0.1
0.1
0.1
0.1
0.1
0.1
0.1
0.1
0.1
0.1
0.1
0.1
0.1
0.1
0.1
0.1
0.07708921492804115
0.055499469192010174
0.03657589878493189
0.021045725905089872
0.009505766386835195
0.002399494402770427
0.002401839949596194
0.009515058436089154
0.02106629846218184
0.03661165235168156
0.05555372087254972
0.07716457095436377
0.1
0.1
0.1
0.1
0.1
0.1
0.1
0.1
0.1
0.1
0.1
0.1
0.1
0.1
0.1
0.1
0.1
0.1
0.1
0.07716457095436377
0.05555372087254977
0.03661165235168158
0.02106629846218185
0.009515058436089189
0.002401839949596205
0.0023994944027704163
0.00950576638683516
0.021045725905089865
0.03657589878493187
0.05549946919201012
0.07708921492804115
0.1
0.1
0.1
0.1
0.1
0.1
0.1
0.1
0.1
0.1
0.1
0.1
0.1
0.1
0.1
0.1
0.1
0.1
0.1
0.07708921492804115
0.055499469192010174
0.03657589878493189
0.021045725905089872
0.009505766386835195
0.002399494402770427
0.002392457762293084
0.00947789023907318
0.020984008233813942
0.03646863808468281
0.05533671415039132
0.07686314684907328
0.1
0.1
0.1
0.1
0.1
0.1
0.1
0.1
0.1
0.1
0.1
0.1
0.1
0.1
0.1
0.1
0.1
0.1
0.1
0.07686314684907328
0.05533671415039137
0.03646863808468283
0.02098400823381395
0.009477890239073215
0.0023924577622930947
0.002380730028164196
0.009431429992803214
0.02088114544835407
0.03628987025093436
0.05506545574769332
0.07648636671746017
0.09972940956465207
0.1
0.1
0.1
0.1
0.1
0.1
0.1
0.1
0.1
0.1
0.1
0.1
0.1
0.1
0.1
0.1
0.1
0.09972940956465207
0.07648636671746017
0.05506545574769337
0.03628987025093438
0.020881145448354076
0.00943142999280325
0.002380730028164207
0.0023643112003837534
0.00936638564802526
0.02073713754871025
0.03603959528368654
0.05468569398391613
0.07595887453320183
0.09904162053317171
0.1
0.1
0.1
0.1
0.1
0.1
0.1
0.1
0.1
0.1
0.1
0.1
0.1
0.1
0.1
0.1
0.1
0.09904162053317171
0.07595887453320183
0.05468569398391618
0.036039595283686554
0.020737137548710257
0.009366385648025295
0.0023643112003837643
0.0023432012789517554
0.00928275720473932
0.020551984534882477
0.03571781318293934
0.05419742885905974
0.07528067029629824
0.09815732034983983
0.1
0.1
0.1
0.1
0.1
0.1
0.1
0.1
0.1
0.1
0.1
0.1
0.1
0.1
0.1
0.1
0.1
0.09815732034983983
0.07528067029629824
0.05419742885905978
0.03571781318293936
0.020551984534882488
0.009282757204739355
0.0023432012789517663
0.0023174002638682027
0.009180544662945394
0.02032568640687076
0.03532452394869275
0.053600660373124144
0.07445175400674942
0.0970765090146564
0.1
0.1
0.1
0.1
0.1
0.1
0.1
0.1
0.1
0.1
0.1
0.1
0.1
0.1
0.1
0.1
0.1
0.0970765090146564
0.07445175400674942
0.053600660373124186
0.035324523948692774
0.02032568640687077
0.009180544662945428
0.002317400263868213
0.0022869081551330946
0.009059748022643482
0.020058243164675093
0.0348597275809468
0.05289538852610935
0.07347212566455534
0.09579918652762144
0.1
0.1
0.1
0.1
0.1
0.1
0.1
0.1
0.1
0.1
0.1
0.1
0.1
0.1
0.1
0.1
0.1
0.09579918652762144
0.07347212566455534
0.052895388526109394
0.03485972758094682
0.020058243164675096
0.009059748022643515
0.0022869081551331054
0.0022517249527464317
0.008920367283833582
0.019749654808295474
0.034323424079701466
0.05208161331801536
0.07234178526971603
0.09432535288873498
0.1
0.1
0.1
0.1
0.1
0.1
0.1
0.1
0.1
0.1
0.1
0.1
0.1
0.1
0.1
0.1
0.1
0.09432535288873498
0.07234178526971603
0.052081613318015405
0.03432342407970149
0.019749654808295485
0.008920367283833615
0.002251724952746442
0.002211850656708214
0.008762402446515695
0.01939992133773191
0.03371561344495675
0.05115933474884217
0.07106073282223148
0.09265500809799695
0.1
0.1
0.1
0.1
0.1
0.1
0.1
0.1
0.1
0.1
0.1
0.1
0.1
0.1
0.1
0.1
0.1
0.09265500809799695
0.07106073282223148
0.05115933474884222
0.03371561344495677
0.01939992133773192
0.008762402446515728
0.0022118506567082234
0.0021672852670184405
0.008585853510689823
0.019009042752984397
0.03303629567671266
0.05012855281858979
0.06962896832210168
0.0907881521554074
0.1
0.1
0.1
0.1
0.1
0.1
0.1
0.1
0.1
0.1
0.1
0.1
0.1
0.1
0.1
0.1
0.1
0.0907881521554074
0.06962896832210168
0.05012855281858983
0.03303629567671267
0.0190090427529844
0.008585853510689854
0.00216728526701845
0.002118028783677113
0.008390720476355964
0.018577019054052932
0.03228547077496919
0.048989267527258205
0.06804649176932664
0.08872478506096633
0.1
0.1
0.1
0.1
0.1
0.1
0.1
0.1
0.1
0.1
0.1
0.1
0.1
0.1
0.1
0.1
0.1
0.08872478506096633
0.06804649176932664
0.04898926752725824
0.03228547077496921
0.01857701905405294
0.008390720476355992
0.0021180287836771216
0.002064081206684229
0.008177003343514117
0.018103850240937518
0.031463138739726344
0.04774147887484742
0.06631330316390636
0.08646490681467373
0.1
0.1
0.1
0.1
0.1
0.1
0.1
0.1
0.1
0.1
0.1
0.1
0.1
0.1
0.1
0.1
0.1
0.08646490681467373
0.06631330316390636
0.047741478874847455
0.03146313873972636
0.018103850240937528
0.008177003343514146
0.0020640812066842385
0.0020054425360397908
0.007944702112164283
0.017589536313638156
0.03056929957098412
0.04638518686135743
0.06442940250584084
0.08400851741652958
0.1
0.1
0.1
0.1
0.1
0.1
0.1
0.1
0.1
0.1
0.1
0.1
0.1
0.1
0.1
0.1
0.1
0.08400851741652958
0.06442940250584084
0.04638518686135747
0.030569299570984133
0.017589536313638163
0.007944702112164312
0.0020054425360398
0.0019421127717437977
0.0076938167823064636
0.01703407727215485
0.02960395326874251
0.044920391486788246
0.06239478979513008
0.08135561686653392
0.1
0.1
0.1
0.1
0.1
0.1
0.1
0.1
0.1
0.1
0.1
0.1
0.1
0.1
0.1
0.1
0.1
0.08135561686653392
0.06239478979513008
0.04492039148678829
0.029603953268742534
0.017034077272154856
0.007693816782306493
0.0019421127717438064
0.001874091913796249
0.007424347353940658
0.016437473116487588
0.02856709983300153
0.04334709275113986
0.060209465031774066
0.0785062051646867
0.09753417968749999
0.1
0.1
0.1
0.1
0.1
0.1
0.1
0.1
0.1
0.1
0.1
0.1
0.1
0.1
0.1
0.09753417968750003
0.0785062051646867
0.060209465031774066
0.043347092751139904
0.028567099833001545
0.016437473116487595
0.007424347353940685
0.0018740919137962575
0.0018013799621971454
0.007136293827066866
0.01579972384663638
0.02745873926376117
0.04166529065441229
0.05787342821577282
0.07546028231098798
0.09374999999999999
0.1
0.1
0.1
0.1
0.1
0.1
0.1
0.1
0.1
0.1
0.1
0.1
0.1
0.1
0.1
0.09375000000000001
0.07546028231098798
0.05787342821577282
0.04166529065441233
0.02745873926376119
0.015799723846636388
0.007136293827066891
0.0018013799621971536
0.001723976916946487
0.006829656201685086
0.015120829462601225
0.026278871561021436
0.03987498519660551
0.05538667934712634
0.07221784830543772
0.08972167968749997
0.1
0.1
0.1
0.1
0.1
0.1
0.1
0.1
0.1
0.1
0.1
0.1
0.1
0.1
0.1
0.08972167968750001
0.07221784830543772
0.05538667934712634
0.039874985196605546
0.026278871561021447
0.01512082946260123
0.006829656201685112
0.0017239769169464945
0.001641882778044273
0.006504434477795321
0.014400789964382116
0.025027496724782317
0.03797617637771954
0.052749218425834604
0.0687789031480359
0.08544921874999997
0.1
0.1
0.1
0.1
0.1
0.1
0.1
0.1
0.1
0.1
0.1
0.1
0.1
0.1
0.1
0.08544921875
0.0687789031480359
0.052749218425834604
0.03797617637771957
0.02502749672478233
0.014400789964382122
0.006504434477795344
0.0016418827780442806
0.0015550975454905046
0.006160628655397567
0.013639605351979063
0.02370461475504382
0.03596886419775436
0.04996104545189763
0.06514344683878259
0.0809326171875
0.09672178753621742
0.1
0.1
0.1
0.1
0.1
0.1
0.1
0.1
0.1
0.1
0.1
0.1
0.1
0.09672178753621746
0.08093261718750001
0.06514344683878259
0.04996104545189763
0.03596886419775439
0.023704614755043835
0.013639605351979068
0.00616062865539759
0.0015550975454905116
0.0014636212192851807
0.005798238734491828
0.01283727562539206
0.02231022565180595
0.03385304865670998
0.04702216042531542
0.06131147937767773
0.07617187499999999
0.09103227062232229
0.1
0.1
0.1
0.1
0.1
0.1
0.1
0.1
0.1
0.1
0.1
0.1
0.1
0.09103227062232232
0.07617187500000003
0.06131147937767773
0.04702216042531542
0.033853048656710016
0.022310225651805966
0.012837275625392063
0.005798238734491849
0.0014636212192851875
0.0013674537994283016
0.0054172647150781015
0.011993800784621107
0.0208443294150687
0.031628729754586415
0.043932563346087965
0.057283000764721335
0.07116699218749999
0.08505098361027867
0.09840142102891203
0.1
0.1
0.1
0.1
0.1
0.1
0.1
0.1
0.1
0.1
0.1
0.09840142102891208
0.08505098361027869
0.07116699218750001
0.057283000764721335
0.043932563346087965
0.03162872975458644
0.020844329415068714
0.01199380078462111
0.005417264715078122
0.001367453799428308
0.0012665952859198678
0.005017706597156389
0.011109180829666204
0.019306926044832074
0.02929590749138364
0.04069225421421527
0.053058010999913426
0.06591796874999999
0.07877792650008658
0.09114368328578473
0.1
0.1
0.1
0.1
0.1
0.1
0.1
0.1
0.1
0.1
0.1
0.09114368328578477
0.07877792650008661
0.06591796875000001
0.053058010999913426
0.04069225421421527
0.029295907491383666
0.019306926044832085
0.01110918082966621
0.005017706597156408
0.0012665952859198736
0.0011610456787598791
0.00459956438072669
0.010183415760527356
0.017698015541096065
0.02685458186710167
0.03730123302969733
0.04863651008325397
0.06042480468749999
0.07221309929174603
0.08354837634530266
0.0939950275078983
0.1
0.1
0.1
0.1
0.1
0.1
0.1
0.1
0.1
0.09399502750789833
0.08354837634530271
0.07221309929174606
0.06042480468750001
0.04863651008325397
0.03730123302969733
0.026854581867101695
0.01769801554109608
0.010183415760527358
0.0045995643807267075
0.0011610456787598843
0.0010508049779483347
0.004162838065789005
0.009216505577204555
0.016017597903860686
0.024304752881740502
0.03375949979253415
0.04401849801474298
0.054687499999999986
0.06535650198525703
0.07561550020746585
0.08507024711825947
0.09335740209613931
0.1
0.1
0.1
0.1
0.1
0.1
0.1
0.09335740209613931
0.0850702471182595
0.07561550020746588
0.06535650198525704
0.05468750000000001
0.04401849801474298
0.03375949979253415
0.024304752881740527
0.016017597903860693
0.009216505577204558
0.00416283806578902
0.0010508049779483395
0.0009358731834852356
0.0037075276523433325
0.008208450279697806
0.014265673133125921
0.021646420535300137
0.030067054502725725
0.039203974794380474
0.04870605468749999
0.05820813458061953
0.06734505487227427
0.07576568883969985
0.08314643624187407
0.0892036590953022
0.09370458172265667
0.09647623619151474
0.097412109375
0.09647623619151477
0.09370458172265667
0.0892036590953022
0.08314643624187407
0.07576568883969988
0.0673450548722743
0.058208134580619554
0.04870605468750001
0.039203974794380474
0.030067054502725725
0.021646420535300154
0.014265673133125928
0.008208450279697809
0.0037075276523433455
0.0009358731834852398
0.0008162502953705815
0.0032336331403896735
0.007159249868007111
0.01244224122889178
0.018879584827780568
0.02622389716027206
0.034192940422166425
0.04248046874999999
0.05076799707783358
0.05873704033972794
0.06608135267221942
0.07251869627110821
0.0778016876319929
0.08172730435961033
0.08414468720462942
0.0849609375
0.08414468720462942
0.08172730435961033
0.0778016876319929
0.07251869627110821
0.06608135267221943
0.05873704033972797
0.050767997077833596
0.04248046875000001
0.034192940422166425
0.02622389716027206
0.018879584827780585
0.012442241228891789
0.007159249868007112
0.003233633140389685
0.0008162502953705852
0.0006919363136043723
0.0027411545299280272
0.006068904342132464
0.010547302191158263
0.016004245759181805
0.022230027765173153
0.02898539489810085
0.03601074218749999
0.04303608947689915
0.04979145660982684
0.056017238615818185
0.06147418218384174
0.06595258003286755
0.06928032984507197
0.07132954806139562
0.072021484375
0.07132954806139563
0.06928032984507197
0.06595258003286755
0.06147418218384174
0.0560172386158182
0.04979145660982687
0.043036089476899166
0.03601074218750001
0.02898539489810085
0.022230027765173153
0.01600424575918182
0.010547302191158268
0.006068904342132467
0.0027411545299280376
0.0006919363136043754
0.0005629312381866079
0.002230091820958395
0.004937413702073869
0.008580856019925366
0.01302040332950384
0.018085446317429008
0.023581338222183744
0.029296874999999993
0.03501241177781626
0.04050830368257099
0.04557334667049615
0.050012893980074635
0.053656336297926134
0.056363658179041605
0.05803081876181339
0.05859375
0.0580308187618134
0.056363658179041605
0.053656336297926134
0.050012893980074635
0.04557334667049616
0.040508303682571016
0.03501241177781627
0.029296875000000003
0.023581338222183744
0.018085446317429008
0.013020403329503853
0.008580856019925372
0.004937413702073871
0.0022300918209584037
0.0005629312381866104
0.0004292350691172886
0.0017004450134807767
0.0037647779478313255
0.006542902715193091
0.009928057538746678
0.01379015281703962
0.0179807703944151
0.022338867187499993
0.0266969639805849
0.030887581557960377
0.03474967683625332
0.038134831659806905
0.04091295642716868
0.042977289361519226
0.044248499305882705
0.044677734375
0.04424849930588271
0.042977289361519226
0.04091295642716868
0.038134831659806905
0.034749676836253324
0.030887581557960397
0.02669696398058491
0.022338867187500003
0.0179807703944151
0.01379015281703962
0.009928057538746687
0.0065429027151930955
0.0037647779478313264
0.0017004450134807828
0.0004292350691172905
0.0002908478063964141
0.001152214107495171
0.0025509970794048323
0.004433442276961439
0.006727208386910317
0.009344147264004987
0.012183691414794933
0.015136718749999998
0.01808974608520507
0.02092929023599501
0.023546229113089675
0.02583999522303856
0.02772244042059517
0.029121223392504825
0.02998258969360358
0.0302734375
0.029982589693603588
0.029121223392504825
0.02772244042059517
0.02583999522303856
0.023546229113089682
0.020929290235995022
0.018089746085205072
0.015136718750000003
0.012183691414794933
0.009344147264004987
0.006727208386910324
0.004433442276961442
0.002550997079404833
0.0011522141074951752
0.0002908478063964154
0.0001477694500239846
0.0005853991030015788
0.0012960710967943906
0.0022524747052304083
0.003417855873994758
0.004747429658325115
0.006190101283323233
0.007690429687499999
0.009190758091676769
0.010633429716674884
0.011963003501005239
0.01312838466976959
0.014084788278205612
0.01479546027199842
0.015233089924976012
0.015380859375
0.015233089924976016
0.01479546027199842
0.014084788278205612
0.01312838466976959
0.011963003501005242
0.01063342971667489
0.00919075809167677
0.007690429687500001
0.006190101283323233
0.004747429658325115
0.0034178558739947616
0.0022524747052304096
0.001296071096794391
0.000585399103001581
0.00014776945002398527
-0.0
-0.0
-0.0
-0.0
-0.0
-0.0
-0.0
-0.0
-0.0
-0.0
-0.0
-0.0
-0.0
-0.0
-0.0
-0.0
-0.0
-0.0
-0.0
-0.0
-0.0
-0.0
-0.0
-0.0
-0.0
-0.0
-0.0
-0.0
-0.0
-0.0
-0.0
