3.12627e-39
0.015344
0.0301962
0.044555800000000007
0.058422400000000006
0.0717962
0.08467739999999999
0.0970646
0.108945
0.12030999999999999
0.131164
0.14151
0.151354
0.160694
0.169535
0.177884
0.185749
0.193128
0.200017
0.206413
0.212321
0.21774899999999997
0.222698
0.22717199999999999
0.231169
0.23469099999999998
0.237742
0.240325
0.242445
0.244098
0.24528200000000003
0.246004
0.246265
0.24606
0.245383
0.244234
0.242619
0.24053899999999998
0.237992
0.23496599999999998
0.23145700000000002
0.227473
0.22302399999999997
0.21810300000000002
0.212698
0.20680500000000002
0.200424
0.19355
0.186178
0.178303
0.169927
0.161053
0.15168399999999999
0.141818
0.13145
0.120576
0.10918900000000001
0.09728669999999999
0.0848738
0.0719623
0.0585554
0.044654900000000004
0.0302619
0.0153767
-2.8424299999999997e-39
