0.0
0.0
0.0
0.0
0.0
0.0
0.0
0.0
0.0
0.0
0.0
0.0
0.0
0.0
0.0
0.0
0.0
0.0
0.0
0.0
0.0
0.0
0.0
0.0
0.0
0.0
0.0
0.0
0.0
0.0
0.0
0.0001477694500239846
0.0005853991030015788
0.0012960710967943906
0.0022524747052304083
0.003417855873994758
0.004747429658325115
0.006190101283323233
0.007690429687499999
0.009190758091676769
0.010633429716674884
0.011963003501005239
0.01312838466976959
0.014084788278205612
0.01479546027199842
0.015233089924976012
0.015380859375
0.015233089924976016
0.01479546027199842
0.014084788278205612
0.01312838466976959
0.011963003501005242
0.01063342971667489
0.00919075809167677
0.007690429687500001
0.006190101283323233
0.004747429658325115
0.0034178558739947616
0.0022524747052304096
0.001296071096794391
0.000585399103001581
0.00014776945002398527
0.0002908478063964141
0.001152214107495171
0.0025509970794048323
0.004433442276961439
0.006727208386910317
0.009344147264004987
0.012183691414794933
0.015136718749999998
0.01808974608520507
0.02092929023599501
0.023546229113089675
0.02583999522303856
0.02772244042059517
0.029121223392504825
0.02998258969360358
0.0302734375
0.029982589693603588
0.029121223392504825
0.02772244042059517
0.02583999522303856
0.023546229113089682
0.020929290235995022
0.018089746085205072
0.015136718750000003
0.012183691414794933
0.009344147264004987
0.006727208386910324
0.004433442276961442
0.002550997079404833
0.0011522141074951752
0.0002908478063964154
0.00042923506911728853
0.0017004450134807765
0.0037647779478313247
0.006542902715193092
0.009928057538746678
0.013790152817039618
0.0179807703944151
0.022338867187499997
0.026696963980584895
0.030887581557960384
0.03474967683625332
0.038134831659806905
0.04091295642716868
0.042977289361519226
0.044248499305882705
0.044677734375
0.04424849930588271
0.042977289361519226
0.04091295642716868
0.038134831659806905
0.034749676836253324
0.030887581557960397
0.026696963980584906
0.022338867187500007
0.0179807703944151
0.013790152817039618
0.009928057538746688
0.0065429027151930955
0.0037647779478313264
0.0017004450134807825
0.00042923506911729054
0.0005629312381866079
0.002230091820958395
0.004937413702073869
0.008580856019925366
0.01302040332950384
0.018085446317429008
0.023581338222183744
0.029296874999999993
0.03501241177781626
0.04050830368257099
0.04557334667049615
0.050012893980074635
0.053656336297926134
0.056363658179041605
0.05803081876181339
0.05859375
0.0580308187618134
0.056363658179041605
0.053656336297926134
0.050012893980074635
0.04557334667049616
0.040508303682571016
0.03501241177781627
0.029296875000000003
0.023581338222183744
0.018085446317429008
0.013020403329503853
0.008580856019925372
0.004937413702073871
0.0022300918209584037
0.0005629312381866104
0.0006919363136043723
0.0027411545299280277
0.006068904342132464
0.010547302191158263
0.016004245759181805
0.022230027765173153
0.028985394898100852
0.03601074218749999
0.04303608947689915
0.04979145660982684
0.056017238615818185
0.061474182183841736
0.06595258003286755
0.06928032984507196
0.07132954806139562
0.072021484375
0.07132954806139563
0.06928032984507196
0.06595258003286755
0.061474182183841736
0.05601723861581819
0.04979145660982687
0.043036089476899166
0.03601074218750001
0.028985394898100852
0.022230027765173153
0.01600424575918182
0.010547302191158268
0.006068904342132466
0.002741154529928038
0.0006919363136043754
0.0008162502953705815
0.0032336331403896735
0.00715924986800711
0.01244224122889178
0.018879584827780568
0.026223897160272062
0.034192940422166425
0.04248046874999999
0.050767997077833575
0.05873704033972794
0.06608135267221942
0.07251869627110823
0.0778016876319929
0.08172730435961033
0.0841446872046294
0.0849609375
0.08414468720462943
0.08172730435961033
0.0778016876319929
0.07251869627110823
0.06608135267221943
0.058737040339727965
0.050767997077833596
0.04248046875000001
0.034192940422166425
0.026223897160272062
0.01887958482778059
0.012442241228891789
0.007159249868007113
0.0032336331403896856
0.0008162502953705852
0.0009358731834852357
0.0037075276523433325
0.008208450279697807
0.014265673133125921
0.021646420535300134
0.030067054502725725
0.039203974794380474
0.048706054687499986
0.05820813458061953
0.06734505487227428
0.07576568883969985
0.08314643624187408
0.0892036590953022
0.09370458172265667
0.09647623619151474
0.097412109375
0.09647623619151477
0.09370458172265667
0.0892036590953022
0.08314643624187408
0.07576568883969986
0.06734505487227431
0.058208134580619554
0.04870605468750001
0.039203974794380474
0.030067054502725725
0.021646420535300154
0.014265673133125928
0.008208450279697809
0.003707527652343346
0.00093587318348524
0.0010508049779483347
0.004162838065789005
0.009216505577204555
0.016017597903860686
0.024304752881740502
0.03375949979253415
0.04401849801474298
0.054687499999999986
0.06535650198525703
0.07561550020746585
0.08507024711825947
0.09335740209613931
0.10015849442279547
0.10521216193421098
0.10832419502205165
0.109375
0.10832419502205166
0.10521216193421098
0.10015849442279547
0.09335740209613931
0.0850702471182595
0.07561550020746588
0.06535650198525704
0.05468750000000001
0.04401849801474298
0.03375949979253415
0.024304752881740527
0.016017597903860693
0.009216505577204558
0.00416283806578902
0.0010508049779483395
0.001161045678759879
0.004599564380726691
0.010183415760527354
0.017698015541096068
0.02685458186710167
0.037301233029697324
0.04863651008325396
0.06042480468749999
0.07221309929174603
0.08354837634530267
0.09399502750789832
0.10315159383390393
0.11066619361447266
0.1162500449942733
0.1196885636962401
0.120849609375
0.11968856369624013
0.1162500449942733
0.11066619361447266
0.10315159383390393
0.09399502750789834
0.08354837634530271
0.07221309929174606
0.060424804687500014
0.04863651008325396
0.037301233029697324
0.0268545818671017
0.01769801554109608
0.010183415760527358
0.0045995643807267075
0.001161045678759884
0.0012665952859198678
0.00501770659715639
0.011109180829666204
0.01930692604483207
0.02929590749138364
0.04069225421421527
0.05305801099991342
0.06591796874999999
0.0787779265000866
0.09114368328578473
0.10254003000861633
0.11252901145516793
0.12072675667033379
0.1268182309028436
0.13056934221408012
0.1318359375
0.13056934221408015
0.1268182309028436
0.12072675667033379
0.11252901145516793
0.10254003000861636
0.09114368328578477
0.07877792650008661
0.06591796875000001
0.05305801099991342
0.04069225421421527
0.02929590749138367
0.019306926044832085
0.011109180829666209
0.005017706597156408
0.0012665952859198736
0.0013674537994283018
0.0054172647150781015
0.011993800784621107
0.0208443294150687
0.031628729754586415
0.043932563346087965
0.057283000764721335
0.07116699218749999
0.08505098361027867
0.09840142102891203
0.11070525462041357
0.1214896549599313
0.1303401835903789
0.1369167196599219
0.14096653057557168
0.142333984375
0.1409665305755717
0.1369167196599219
0.1303401835903789
0.1214896549599313
0.1107052546204136
0.09840142102891207
0.0850509836102787
0.07116699218750001
0.057283000764721335
0.043932563346087965
0.03162872975458644
0.020844329415068714
0.01199380078462111
0.005417264715078122
0.0013674537994283079
0.0014636212192851807
0.005798238734491827
0.012837275625392058
0.022310225651805952
0.03385304865670999
0.04702216042531542
0.06131147937767773
0.07617187499999999
0.09103227062232228
0.10532158957468457
0.11849070134328998
0.13003352434819404
0.13950647437460795
0.14654551126550816
0.1508801287807148
0.15234375
0.15088012878071483
0.14654551126550816
0.13950647437460795
0.13003352434819404
0.11849070134329003
0.10532158957468464
0.0910322706223223
0.07617187500000001
0.06131147937767773
0.04702216042531542
0.033853048656710016
0.022310225651805963
0.012837275625392063
0.005798238734491849
0.0014636212192851872
0.0015550975454905044
0.006160628655397567
0.013639605351979063
0.023704614755043825
0.035968864197754365
0.04996104545189763
0.06514344683878259
0.08093261718749999
0.09672178753621741
0.11190418892310235
0.12589637017724561
0.13816061961995618
0.14822562902302097
0.15570460571960243
0.16031013682950948
0.161865234375
0.1603101368295095
0.15570460571960243
0.14822562902302097
0.13816061961995618
0.12589637017724564
0.11190418892310243
0.09672178753621745
0.08093261718750001
0.06514344683878259
0.04996104545189763
0.03596886419775439
0.023704614755043835
0.013639605351979067
0.006160628655397589
0.0015550975454905116
0.0016418827780442732
0.00650443447779532
0.014400789964382118
0.02502749672478232
0.03797617637771954
0.052749218425834604
0.06877890314803592
0.08544921874999999
0.10211953435196408
0.11814921907416538
0.13292226112228042
0.14587094077521767
0.1564976475356179
0.16439400302220467
0.1692565547219557
0.1708984375
0.16925655472195575
0.16439400302220467
0.1564976475356179
0.14587094077521767
0.13292226112228048
0.11814921907416545
0.10211953435196412
0.08544921875000001
0.06877890314803592
0.052749218425834604
0.03797617637771957
0.02502749672478233
0.014400789964382122
0.006504434477795344
0.0016418827780442806
0.001723976916946487
0.006829656201685086
0.015120829462601224
0.026278871561021433
0.03987498519660551
0.055386679347126336
0.0722178483054377
0.08972167968749999
0.1072255110695623
0.12405668002787366
0.13956837417839446
0.15316448781397857
0.1643225299123988
0.1726137031733149
0.1777193824580535
0.179443359375
0.17771938245805352
0.1726137031733149
0.1643225299123988
0.15316448781397857
0.1395683741783945
0.12405668002787372
0.10722551106956234
0.0897216796875
0.0722178483054377
0.055386679347126336
0.03987498519660555
0.026278871561021447
0.015120829462601229
0.006829656201685111
0.0017239769169464948
0.0018013799621971454
0.007136293827066866
0.01579972384663638
0.02745873926376117
0.04166529065441229
0.05787342821577282
0.07546028231098798
0.09374999999999999
0.11203971768901204
0.12962657178422715
0.14583470934558768
0.1600412607362388
0.17170027615336364
0.18036370617293312
0.18569862003780283
0.1875
0.18569862003780285
0.18036370617293312
0.17170027615336364
0.1600412607362388
0.14583470934558773
0.12962657178422723
0.11203971768901208
0.09375000000000001
0.07546028231098798
0.05787342821577282
0.04166529065441233
0.02745873926376119
0.015799723846636388
0.007136293827066891
0.0018013799621971536
0.0018740919137962488
0.007424347353940658
0.016437473116487588
0.02856709983300153
0.04334709275113987
0.06020946503177407
0.0785062051646867
0.09753417968749997
0.1165621542103133
0.13485889434322593
0.1517212666238601
0.16650125954199846
0.17863088625851245
0.18764401202105932
0.19319426746120374
0.195068359375
0.19319426746120374
0.18764401202105932
0.17863088625851245
0.16650125954199846
0.15172126662386015
0.13485889434322598
0.11656215421031334
0.09753417968750001
0.0785062051646867
0.06020946503177407
0.04334709275113991
0.028567099833001548
0.016437473116487595
0.0074243473539406845
0.0018740919137962575
0.0019421127717437975
0.0076938167823064636
0.017034077272154845
0.029603953268742513
0.04492039148678825
0.06239478979513007
0.0813556168665339
0.10107421874999999
0.12079282063346611
0.13975364770486992
0.15722804601321172
0.17254448423125748
0.18511436022784516
0.1944546207176935
0.20020632472825617
0.2021484375
0.20020632472825622
0.1944546207176935
0.18511436022784516
0.17254448423125748
0.15722804601321175
0.13975364770486998
0.12079282063346612
0.10107421875000001
0.0813556168665339
0.06239478979513007
0.044920391486788294
0.02960395326874253
0.017034077272154856
0.007693816782306493
0.0019421127717438064
0.0020054425360397908
0.007944702112164284
0.017589536313638156
0.030569299570984115
0.04638518686135743
0.06442940250584084
0.08400851741652957
0.10437011718749999
0.12473171695847043
0.14431083186915916
0.16235504751364255
0.17817093480401588
0.19115069806136187
0.2007955322628357
0.20673479183896018
0.208740234375
0.2067347918389602
0.2007955322628357
0.19115069806136187
0.17817093480401588
0.16235504751364258
0.14431083186915925
0.12473171695847046
0.1043701171875
0.08400851741652957
0.06442940250584084
0.04638518686135747
0.030569299570984133
0.017589536313638167
0.007944702112164314
0.0020054425360398
0.0020640812066842294
0.008177003343514117
0.01810385024093752
0.031463138739726344
0.04774147887484742
0.06631330316390636
0.08646490681467373
0.10742187499999997
0.1283788431853263
0.14853044683609362
0.16710227112515255
0.18338061126027366
0.1967398997590625
0.20666674665648588
0.21277966879331575
0.21484375
0.2127796687933158
0.20666674665648588
0.1967398997590625
0.18338061126027366
0.16710227112515258
0.1485304468360937
0.12837884318532633
0.10742187500000001
0.08646490681467373
0.06631330316390636
0.04774147887484746
0.03146313873972636
0.018103850240937525
0.008177003343514146
0.0020640812066842385
0.0021180287836771125
0.008390720476355962
0.018577019054052932
0.03228547077496919
0.048989267527258205
0.06804649176932664
0.08872478506096632
0.11022949218749997
0.13173419931403368
0.15241249260567333
0.17146971684774176
0.1881735136000308
0.2018819653209471
0.21206826389864403
0.21834095559132286
0.220458984375
0.2183409555913229
0.21206826389864403
0.2018819653209471
0.1881735136000308
0.17146971684774182
0.1524124926056734
0.1317341993140337
0.11022949218750001
0.08872478506096632
0.06804649176932664
0.04898926752725825
0.03228547077496921
0.01857701905405294
0.008390720476355994
0.002118028783677122
0.002167285267018441
0.008585853510689823
0.019009042752984397
0.03303629567671266
0.050128552818589786
0.06962896832210168
0.0907881521554074
0.11279296874999997
0.1347977853445926
0.1559569691778983
0.17545738468141017
0.19254964182328732
0.20657689474701565
0.21700008398931017
0.22341865223298152
0.2255859375
0.22341865223298157
0.21700008398931017
0.20657689474701565
0.19254964182328732
0.17545738468141023
0.1559569691778984
0.13479778534459266
0.11279296875000001
0.0907881521554074
0.06962896832210168
0.050128552818589835
0.03303629567671268
0.0190090427529844
0.008585853510689854
0.0021672852670184505
0.002211850656708214
0.008762402446515695
0.01939992133773191
0.03371561344495675
0.051159334748842177
0.07106073282223148
0.09265500809799695
0.11511230468749997
0.13756960127700305
0.1591638765527685
0.1790652746261578
0.19650899593004323
0.21082468803726812
0.22146220692848428
0.22801275871829177
0.230224609375
0.22801275871829182
0.22146220692848428
0.21082468803726812
0.19650899593004323
0.17906527462615784
0.1591638765527686
0.1375696012770031
0.11511230468750001
0.09265500809799695
0.07106073282223148
0.051159334748842225
0.03371561344495677
0.01939992133773192
0.008762402446515728
0.002211850656708224
0.0022517249527464317
0.00892036728383358
0.019749654808295478
0.034323424079701466
0.05208161331801536
0.07234178526971603
0.09432535288873498
0.11718749999999997
0.14004964711126505
0.16203321473028395
0.1822933866819846
0.20005157592029854
0.21462534519170454
0.22545463271616642
0.23212327504725355
0.234375
0.2321232750472536
0.22545463271616642
0.21462534519170454
0.20005157592029854
0.18229338668198464
0.16203321473028406
0.14004964711126508
0.11718750000000001
0.09432535288873498
0.07234178526971603
0.05208161331801541
0.03432342407970149
0.019749654808295485
0.008920367283833615
0.0022517249527464417
0.002286908155133095
0.009059748022643482
0.020058243164675093
0.0348597275809468
0.05289538852610935
0.07347212566455534
0.09579918652762145
0.11901855468749997
0.14223792284737855
0.16456498371044465
0.1851417208488906
0.20317738179405317
0.21797886621032492
0.22897736135235652
0.23575020121986687
0.238037109375
0.23575020121986692
0.22897736135235652
0.21797886621032492
0.20317738179405317
0.18514172084889063
0.16456498371044473
0.1422379228473786
0.11901855468750001
0.09579918652762145
0.07347212566455534
0.0528953885261094
0.03485972758094682
0.0200582431646751
0.009059748022643515
0.002286908155133105
0.0023174002638682027
0.009180544662945395
0.020325686406870762
0.03532452394869276
0.053600660373124144
0.07445175400674942
0.09707650901465639
0.12060546874999999
0.1441344284853436
0.16675918349325056
0.1876102771268758
0.20588641355130724
0.22088525109312926
0.2320303928370546
0.23889353723613177
0.2412109375
0.23889353723613183
0.2320303928370546
0.22088525109312926
0.20588641355130724
0.18761027712687586
0.16675918349325067
0.14413442848534366
0.12060546875000001
0.09707650901465639
0.07445175400674942
0.0536006603731242
0.035324523948692774
0.02032568640687077
0.009180544662945428
0.002317400263868213
0.002343201278951756
0.00928275720473932
0.020551984534882477
0.03571781318293933
0.05419742885905974
0.07528067029629824
0.09815732034983983
0.12194824218749997
0.14573916402516018
0.16861581407870174
0.1896990555159402
0.20817867119206065
0.22334449984011753
0.2346137271702607
0.2415532830960482
0.243896484375
0.24155328309604826
0.2346137271702607
0.22334449984011753
0.20817867119206065
0.18969905551594027
0.16861581407870183
0.14573916402516024
0.12194824218750001
0.09815732034983983
0.07528067029629824
0.05419742885905979
0.03571781318293935
0.020551984534882488
0.009282757204739355
0.0023432012789517663
0.0023643112003837534
0.009366385648025262
0.02073713754871025
0.03603959528368653
0.05468569398391613
0.07595887453320184
0.09904162053317173
0.12304687499999999
0.1470521294668283
0.17013487546679815
0.19140805601608382
0.21005415471631345
0.2253566124512898
0.23672736435197472
0.2437294387996162
0.24609375
0.24372943879961625
0.23672736435197472
0.2253566124512898
0.21005415471631345
0.19140805601608388
0.17013487546679823
0.14705212946682833
0.12304687500000001
0.09904162053317173
0.07595887453320184
0.054685693983916185
0.036039595283686554
0.020737137548710257
0.009366385648025296
0.0023643112003837643
0.0023807300281641964
0.009431429992803213
0.02088114544835407
0.03628987025093436
0.05506545574769332
0.07648636671746017
0.09972940956465208
0.12390136718749997
0.14807332481034793
0.1713163676575398
0.19273727862730664
0.21151286412406564
0.22692158892664596
0.23837130438219675
0.24542200434683575
0.247802734375
0.2454220043468358
0.23837130438219675
0.22692158892664596
0.21151286412406564
0.19273727862730666
0.17131636765753988
0.148073324810348
0.12390136718750001
0.09972940956465208
0.07648636671746017
0.05506545574769338
0.03628987025093438
0.020881145448354076
0.009431429992803247
0.002380730028164207
0.002392457762293084
0.00947789023907318
0.020984008233813942
0.03646863808468281
0.055336714150391327
0.07686314684907328
0.10022068744428089
0.12451171874999997
0.1488027500557191
0.1721602906509267
0.19368672334960862
0.21255479941531719
0.2280394292661861
0.2395455472609268
0.2466309797377069
0.2490234375
0.24663097973770695
0.2395455472609268
0.2280394292661861
0.21255479941531719
0.19368672334960868
0.17216029065092678
0.14880275005571916
0.12451171875000001
0.10022068744428089
0.07686314684907328
0.055336714150391375
0.03646863808468283
0.02098400823381395
0.009477890239073215
0.0023924577622930947
0.0023994944027704163
0.00950576638683516
0.021045725905089865
0.03657589878493187
0.05549946919201012
0.07708921492804115
0.1005154541720582
0.12487792968749997
0.1492404052029418
0.17266664444695884
0.19425639018298985
0.21317996059006813
0.22871013346991018
0.24025009298816483
0.24735636497222957
0.249755859375
0.24735636497222963
0.24025009298816483
0.22871013346991018
0.21317996059006813
0.1942563901829899
0.17266664444695895
0.14924040520294185
0.12487792968750001
0.1005154541720582
0.07708921492804115
0.05549946919201017
0.03657589878493189
0.021045725905089872
0.009505766386835195
0.002399494402770427
0.002401839949596194
0.009515058436089154
0.02106629846218184
0.03661165235168156
0.05555372087254972
0.07716457095436377
0.10061370974798396
0.12499999999999997
0.14938629025201605
0.17283542904563623
0.19444627912745024
0.21338834764831843
0.2289337015378182
0.24048494156391084
0.24759816005040378
0.25
0.24759816005040383
0.24048494156391084
0.2289337015378182
0.21338834764831843
0.1944462791274503
0.1728354290456363
0.14938629025201608
0.12500000000000003
0.10061370974798396
0.07716457095436377
0.05555372087254977
0.03661165235168158
0.02106629846218185
0.009515058436089189
0.002401839949596205
0.0023994944027704163
0.00950576638683516
0.021045725905089865
0.03657589878493187
0.05549946919201012
0.07708921492804115
0.1005154541720582
0.12487792968749997
0.1492404052029418
0.17266664444695884
0.19425639018298985
0.21317996059006813
0.22871013346991018
0.24025009298816483
0.24735636497222957
0.249755859375
0.24735636497222963
0.24025009298816483
0.22871013346991018
0.21317996059006813
0.1942563901829899
0.17266664444695895
0.14924040520294185
0.12487792968750001
0.1005154541720582
0.07708921492804115
0.05549946919201017
0.03657589878493189
0.021045725905089872
0.009505766386835195
0.002399494402770427
0.002392457762293084
0.00947789023907318
0.020984008233813942
0.03646863808468281
0.055336714150391327
0.07686314684907328
0.10022068744428089
0.12451171874999997
0.1488027500557191
0.1721602906509267
0.19368672334960862
0.21255479941531719
0.2280394292661861
0.2395455472609268
0.2466309797377069
0.2490234375
0.24663097973770695
0.2395455472609268
0.2280394292661861
0.21255479941531719
0.19368672334960868
0.17216029065092678
0.14880275005571916
0.12451171875000001
0.10022068744428089
0.07686314684907328
0.055336714150391375
0.03646863808468283
0.02098400823381395
0.009477890239073215
0.0023924577622930947
0.0023807300281641964
0.009431429992803213
0.02088114544835407
0.03628987025093436
0.05506545574769332
0.07648636671746017
0.09972940956465208
0.12390136718749997
0.14807332481034793
0.1713163676575398
0.19273727862730664
0.21151286412406564
0.22692158892664596
0.23837130438219675
0.24542200434683575
0.247802734375
0.2454220043468358
0.23837130438219675
0.22692158892664596
0.21151286412406564
0.19273727862730666
0.17131636765753988
0.148073324810348
0.12390136718750001
0.09972940956465208
0.07648636671746017
0.05506545574769338
0.03628987025093438
0.020881145448354076
0.009431429992803247
0.002380730028164207
0.0023643112003837534
0.009366385648025262
0.02073713754871025
0.03603959528368653
0.05468569398391613
0.07595887453320184
0.09904162053317173
0.12304687499999999
0.1470521294668283
0.17013487546679815
0.19140805601608382
0.21005415471631345
0.2253566124512898
0.23672736435197472
0.2437294387996162
0.24609375
0.24372943879961625
0.23672736435197472
0.2253566124512898
0.21005415471631345
0.19140805601608388
0.17013487546679823
0.14705212946682833
0.12304687500000001
0.09904162053317173
0.07595887453320184
0.054685693983916185
0.036039595283686554
0.020737137548710257
0.009366385648025296
0.0023643112003837643
0.002343201278951756
0.00928275720473932
0.020551984534882477
0.03571781318293933
0.05419742885905974
0.07528067029629824
0.09815732034983983
0.12194824218749997
0.14573916402516018
0.16861581407870174
0.1896990555159402
0.20817867119206065
0.22334449984011753
0.2346137271702607
0.2415532830960482
0.243896484375
0.24155328309604826
0.2346137271702607
0.22334449984011753
0.20817867119206065
0.18969905551594027
0.16861581407870183
0.14573916402516024
0.12194824218750001
0.09815732034983983
0.07528067029629824
0.05419742885905979
0.03571781318293935
0.020551984534882488
0.009282757204739355
0.0023432012789517663
0.0023174002638682027
0.009180544662945395
0.020325686406870762
0.03532452394869276
0.053600660373124144
0.07445175400674942
0.09707650901465639
0.12060546874999999
0.1441344284853436
0.16675918349325056
0.1876102771268758
0.20588641355130724
0.22088525109312926
0.2320303928370546
0.23889353723613177
0.2412109375
0.23889353723613183
0.2320303928370546
0.22088525109312926
0.20588641355130724
0.18761027712687586
0.16675918349325067
0.14413442848534366
0.12060546875000001
0.09707650901465639
0.07445175400674942
0.0536006603731242
0.035324523948692774
0.02032568640687077
0.009180544662945428
0.002317400263868213
0.002286908155133095
0.009059748022643482
0.020058243164675093
0.0348597275809468
0.05289538852610935
0.07347212566455534
0.09579918652762145
0.11901855468749997
0.14223792284737855
0.16456498371044465
0.1851417208488906
0.20317738179405317
0.21797886621032492
0.22897736135235652
0.23575020121986687
0.238037109375
0.23575020121986692
0.22897736135235652
0.21797886621032492
0.20317738179405317
0.18514172084889063
0.16456498371044473
0.1422379228473786
0.11901855468750001
0.09579918652762145
0.07347212566455534
0.0528953885261094
0.03485972758094682
0.0200582431646751
0.009059748022643515
0.002286908155133105
0.0022517249527464317
0.00892036728383358
0.019749654808295478
0.034323424079701466
0.05208161331801536
0.07234178526971603
0.09432535288873498
0.11718749999999997
0.14004964711126505
0.16203321473028395
0.1822933866819846
0.20005157592029854
0.21462534519170454
0.22545463271616642
0.23212327504725355
0.234375
0.2321232750472536
0.22545463271616642
0.21462534519170454
0.20005157592029854
0.18229338668198464
0.16203321473028406
0.14004964711126508
0.11718750000000001
0.09432535288873498
0.07234178526971603
0.05208161331801541
0.03432342407970149
0.019749654808295485
0.008920367283833615
0.0022517249527464417
0.002211850656708214
0.008762402446515695
0.01939992133773191
0.03371561344495675
0.051159334748842177
0.07106073282223148
0.09265500809799695
0.11511230468749997
0.13756960127700305
0.1591638765527685
0.1790652746261578
0.19650899593004323
0.21082468803726812
0.22146220692848428
0.22801275871829177
0.230224609375
0.22801275871829182
0.22146220692848428
0.21082468803726812
0.19650899593004323
0.17906527462615784
0.1591638765527686
0.1375696012770031
0.11511230468750001
0.09265500809799695
0.07106073282223148
0.051159334748842225
0.03371561344495677
0.01939992133773192
0.008762402446515728
0.002211850656708224
0.002167285267018441
0.008585853510689823
0.019009042752984397
0.03303629567671266
0.050128552818589786
0.06962896832210168
0.0907881521554074
0.11279296874999997
0.1347977853445926
0.1559569691778983
0.17545738468141017
0.19254964182328732
0.20657689474701565
0.21700008398931017
0.22341865223298152
0.2255859375
0.22341865223298157
0.21700008398931017
0.20657689474701565
0.19254964182328732
0.17545738468141023
0.1559569691778984
0.13479778534459266
0.11279296875000001
0.0907881521554074
0.06962896832210168
0.050128552818589835
0.03303629567671268
0.0190090427529844
0.008585853510689854
0.0021672852670184505
0.0021180287836771125
0.008390720476355962
0.018577019054052932
0.03228547077496919
0.048989267527258205
0.06804649176932664
0.08872478506096632
0.11022949218749997
0.13173419931403368
0.15241249260567333
0.17146971684774176
0.1881735136000308
0.2018819653209471
0.21206826389864403
0.21834095559132286
0.220458984375
0.2183409555913229
0.21206826389864403
0.2018819653209471
0.1881735136000308
0.17146971684774182
0.1524124926056734
0.1317341993140337
0.11022949218750001
0.08872478506096632
0.06804649176932664
0.04898926752725825
0.03228547077496921
0.01857701905405294
0.008390720476355994
0.002118028783677122
0.0020640812066842294
0.008177003343514117
0.01810385024093752
0.031463138739726344
0.04774147887484742
0.06631330316390636
0.08646490681467373
0.10742187499999997
0.1283788431853263
0.14853044683609362
0.16710227112515255
0.18338061126027366
0.1967398997590625
0.20666674665648588
0.21277966879331575
0.21484375
0.2127796687933158
0.20666674665648588
0.1967398997590625
0.18338061126027366
0.16710227112515258
0.1485304468360937
0.12837884318532633
0.10742187500000001
0.08646490681467373
0.06631330316390636
0.04774147887484746
0.03146313873972636
0.018103850240937525
0.008177003343514146
0.0020640812066842385
0.0020054425360397908
0.007944702112164284
0.017589536313638156
0.030569299570984115
0.04638518686135743
0.06442940250584084
0.08400851741652957
0.10437011718749999
0.12473171695847043
0.14431083186915916
0.16235504751364255
0.17817093480401588
0.19115069806136187
0.2007955322628357
0.20673479183896018
0.208740234375
0.2067347918389602
0.2007955322628357
0.19115069806136187
0.17817093480401588
0.16235504751364258
0.14431083186915925
0.12473171695847046
0.1043701171875
0.08400851741652957
0.06442940250584084
0.04638518686135747
0.030569299570984133
0.017589536313638167
0.007944702112164314
0.0020054425360398
0.0019421127717437975
0.0076938167823064636
0.017034077272154845
0.029603953268742513
0.04492039148678825
0.06239478979513007
0.0813556168665339
0.10107421874999999
0.12079282063346611
0.13975364770486992
0.15722804601321172
0.17254448423125748
0.18511436022784516
0.1944546207176935
0.20020632472825617
0.2021484375
0.20020632472825622
0.1944546207176935
0.18511436022784516
0.17254448423125748
0.15722804601321175
0.13975364770486998
0.12079282063346612
0.10107421875000001
0.0813556168665339
0.06239478979513007
0.044920391486788294
0.02960395326874253
0.017034077272154856
0.007693816782306493
0.0019421127717438064
0.0018740919137962488
0.007424347353940658
0.016437473116487588
0.02856709983300153
0.04334709275113987
0.06020946503177407
0.0785062051646867
0.09753417968749997
0.1165621542103133
0.13485889434322593
0.1517212666238601
0.16650125954199846
0.17863088625851245
0.18764401202105932
0.19319426746120374
0.195068359375
0.19319426746120374
0.18764401202105932
0.17863088625851245
0.16650125954199846
0.15172126662386015
0.13485889434322598
0.11656215421031334
0.09753417968750001
0.0785062051646867
0.06020946503177407
0.04334709275113991
0.028567099833001548
0.016437473116487595
0.0074243473539406845
0.0018740919137962575
0.0018013799621971454
0.007136293827066866
0.01579972384663638
0.02745873926376117
0.04166529065441229
0.05787342821577282
0.07546028231098798
0.09374999999999999
0.11203971768901204
0.12962657178422715
0.14583470934558768
0.1600412607362388
0.17170027615336364
0.18036370617293312
0.18569862003780283
0.1875
0.18569862003780285
0.18036370617293312
0.17170027615336364
0.1600412607362388
0.14583470934558773
0.12962657178422723
0.11203971768901208
0.09375000000000001
0.07546028231098798
0.05787342821577282
0.04166529065441233
0.02745873926376119
0.015799723846636388
0.007136293827066891
0.0018013799621971536
0.001723976916946487
0.006829656201685086
0.015120829462601224
0.026278871561021433
0.03987498519660551
0.055386679347126336
0.0722178483054377
0.08972167968749999
0.1072255110695623
0.12405668002787366
0.13956837417839446
0.15316448781397857
0.1643225299123988
0.1726137031733149
0.1777193824580535
0.179443359375
0.17771938245805352
0.1726137031733149
0.1643225299123988
0.15316448781397857
0.1395683741783945
0.12405668002787372
0.10722551106956234
0.0897216796875
0.0722178483054377
0.055386679347126336
0.03987498519660555
0.026278871561021447
0.015120829462601229
0.006829656201685111
0.0017239769169464948
0.0016418827780442732
0.00650443447779532
0.014400789964382118
0.02502749672478232
0.03797617637771954
0.052749218425834604
0.06877890314803592
0.08544921874999999
0.10211953435196408
0.11814921907416538
0.13292226112228042
0.14587094077521767
0.1564976475356179
0.16439400302220467
0.1692565547219557
0.1708984375
0.16925655472195575
0.16439400302220467
0.1564976475356179
0.14587094077521767
0.13292226112228048
0.11814921907416545
0.10211953435196412
0.08544921875000001
0.06877890314803592
0.052749218425834604
0.03797617637771957
0.02502749672478233
0.014400789964382122
0.006504434477795344
0.0016418827780442806
0.0015550975454905044
0.006160628655397567
0.013639605351979063
0.023704614755043825
0.035968864197754365
0.04996104545189763
0.06514344683878259
0.08093261718749999
0.09672178753621741
0.11190418892310235
0.12589637017724561
0.13816061961995618
0.14822562902302097
0.15570460571960243
0.16031013682950948
0.161865234375
0.1603101368295095
0.15570460571960243
0.14822562902302097
0.13816061961995618
0.12589637017724564
0.11190418892310243
0.09672178753621745
0.08093261718750001
0.06514344683878259
0.04996104545189763
0.03596886419775439
0.023704614755043835
0.013639605351979067
0.006160628655397589
0.0015550975454905116
0.0014636212192851807
0.005798238734491827
0.012837275625392058
0.022310225651805952
0.03385304865670999
0.04702216042531542
0.06131147937767773
0.07617187499999999
0.09103227062232228
0.10532158957468457
0.11849070134328998
0.13003352434819404
0.13950647437460795
0.14654551126550816
0.1508801287807148
0.15234375
0.15088012878071483
0.14654551126550816
0.13950647437460795
0.13003352434819404
0.11849070134329003
0.10532158957468464
0.0910322706223223
0.07617187500000001
0.06131147937767773
0.04702216042531542
0.033853048656710016
0.022310225651805963
0.012837275625392063
0.005798238734491849
0.0014636212192851872
0.0013674537994283018
0.0054172647150781015
0.011993800784621107
0.0208443294150687
0.031628729754586415
0.043932563346087965
0.057283000764721335
0.07116699218749999
0.08505098361027867
0.09840142102891203
0.11070525462041357
0.1214896549599313
0.1303401835903789
0.1369167196599219
0.14096653057557168
0.142333984375
0.1409665305755717
0.1369167196599219
0.1303401835903789
0.1214896549599313
0.1107052546204136
0.09840142102891207
0.0850509836102787
0.07116699218750001
0.057283000764721335
0.043932563346087965
0.03162872975458644
0.020844329415068714
0.01199380078462111
0.005417264715078122
0.0013674537994283079
0.0012665952859198678
0.00501770659715639
0.011109180829666204
0.01930692604483207
0.02929590749138364
0.04069225421421527
0.05305801099991342
0.06591796874999999
0.0787779265000866
0.09114368328578473
0.10254003000861633
0.11252901145516793
0.12072675667033379
0.1268182309028436
0.13056934221408012
0.1318359375
0.13056934221408015
0.1268182309028436
0.12072675667033379
0.11252901145516793
0.10254003000861636
0.09114368328578477
0.07877792650008661
0.06591796875000001
0.05305801099991342
0.04069225421421527
0.02929590749138367
0.019306926044832085
0.011109180829666209
0.005017706597156408
0.0012665952859198736
0.001161045678759879
0.004599564380726691
0.010183415760527354
0.017698015541096068
0.02685458186710167
0.037301233029697324
0.04863651008325396
0.06042480468749999
0.07221309929174603
0.08354837634530267
0.09399502750789832
0.10315159383390393
0.11066619361447266
0.1162500449942733
0.1196885636962401
0.120849609375
0.11968856369624013
0.1162500449942733
0.11066619361447266
0.10315159383390393
0.09399502750789834
0.08354837634530271
0.07221309929174606
0.060424804687500014
0.04863651008325396
0.037301233029697324
0.0268545818671017
0.01769801554109608
0.010183415760527358
0.0045995643807267075
0.001161045678759884
0.0010508049779483347
0.004162838065789005
0.009216505577204555
0.016017597903860686
0.024304752881740502
0.03375949979253415
0.04401849801474298
0.054687499999999986
0.06535650198525703
0.07561550020746585
0.08507024711825947
0.09335740209613931
0.10015849442279547
0.10521216193421098
0.10832419502205165
0.109375
0.10832419502205166
0.10521216193421098
0.10015849442279547
0.09335740209613931
0.0850702471182595
0.07561550020746588
0.06535650198525704
0.05468750000000001
0.04401849801474298
0.03375949979253415
0.024304752881740527
0.016017597903860693
0.009216505577204558
0.00416283806578902
0.0010508049779483395
0.0009358731834852357
0.0037075276523433325
0.008208450279697807
0.014265673133125921
0.021646420535300134
0.030067054502725725
0.039203974794380474
0.048706054687499986
0.05820813458061953
0.06734505487227428
0.07576568883969985
0.08314643624187408
0.0892036590953022
0.09370458172265667
0.09647623619151474
0.097412109375
0.09647623619151477
0.09370458172265667
0.0892036590953022
0.08314643624187408
0.07576568883969986
0.06734505487227431
0.058208134580619554
0.04870605468750001
0.039203974794380474
0.030067054502725725
0.021646420535300154
0.014265673133125928
0.008208450279697809
0.003707527652343346
0.00093587318348524
0.0008162502953705815
0.0032336331403896735
0.00715924986800711
0.01244224122889178
0.018879584827780568
0.026223897160272062
0.034192940422166425
0.04248046874999999
0.050767997077833575
0.05873704033972794
0.06608135267221942
0.07251869627110823
0.0778016876319929
0.08172730435961033
0.0841446872046294
0.0849609375
0.08414468720462943
0.08172730435961033
0.0778016876319929
0.07251869627110823
0.06608135267221943
0.058737040339727965
0.050767997077833596
0.04248046875000001
0.034192940422166425
0.026223897160272062
0.01887958482778059
0.012442241228891789
0.007159249868007113
0.0032336331403896856
0.0008162502953705852
0.0006919363136043723
0.0027411545299280277
0.006068904342132464
0.010547302191158263
0.016004245759181805
0.022230027765173153
0.028985394898100852
0.03601074218749999
0.04303608947689915
0.04979145660982684
0.056017238615818185
0.061474182183841736
0.06595258003286755
0.06928032984507196
0.07132954806139562
0.072021484375
0.07132954806139563
0.06928032984507196
0.06595258003286755
0.061474182183841736
0.05601723861581819
0.04979145660982687
0.043036089476899166
0.03601074218750001
0.028985394898100852
0.022230027765173153
0.01600424575918182
0.010547302191158268
0.006068904342132466
0.002741154529928038
0.0006919363136043754
0.0005629312381866079
0.002230091820958395
0.004937413702073869
0.008580856019925366
0.01302040332950384
0.018085446317429008
0.023581338222183744
0.029296874999999993
0.03501241177781626
0.04050830368257099
0.04557334667049615
0.050012893980074635
0.053656336297926134
0.056363658179041605
0.05803081876181339
0.05859375
0.0580308187618134
0.056363658179041605
0.053656336297926134
0.050012893980074635
0.04557334667049616
0.040508303682571016
0.03501241177781627
0.029296875000000003
0.023581338222183744
0.018085446317429008
0.013020403329503853
0.008580856019925372
0.004937413702073871
0.0022300918209584037
0.0005629312381866104
0.00042923506911728853
0.0017004450134807765
0.0037647779478313247
0.006542902715193092
0.009928057538746678
0.013790152817039618
0.0179807703944151
0.022338867187499997
0.026696963980584895
0.030887581557960384
0.03474967683625332
0.038134831659806905
0.04091295642716868
0.042977289361519226
0.044248499305882705
0.044677734375
0.04424849930588271
0.042977289361519226
0.04091295642716868
0.038134831659806905
0.034749676836253324
0.030887581557960397
0.026696963980584906
0.022338867187500007
0.0179807703944151
0.013790152817039618
0.009928057538746688
0.0065429027151930955
0.0037647779478313264
0.0017004450134807825
0.00042923506911729054
0.0002908478063964141
0.001152214107495171
0.0025509970794048323
0.004433442276961439
0.006727208386910317
0.009344147264004987
0.012183691414794933
0.015136718749999998
0.01808974608520507
0.02092929023599501
0.023546229113089675
0.02583999522303856
0.02772244042059517
0.029121223392504825
0.02998258969360358
0.0302734375
0.029982589693603588
0.029121223392504825
0.02772244042059517
0.02583999522303856
0.023546229113089682
0.020929290235995022
0.018089746085205072
0.015136718750000003
0.012183691414794933
0.009344147264004987
0.006727208386910324
0.004433442276961442
0.002550997079404833
0.0011522141074951752
0.0002908478063964154
0.0001477694500239846
0.0005853991030015788
0.0012960710967943906
0.0022524747052304083
0.003417855873994758
0.004747429658325115
0.006190101283323233
0.007690429687499999
0.009190758091676769
0.010633429716674884
0.011963003501005239
0.01312838466976959
0.014084788278205612
0.01479546027199842
0.015233089924976012
0.015380859375
0.015233089924976016
0.01479546027199842
0.014084788278205612
0.01312838466976959
0.011963003501005242
0.01063342971667489
0.00919075809167677
0.007690429687500001
0.006190101283323233
0.004747429658325115
0.0034178558739947616
0.0022524747052304096
0.001296071096794391
0.000585399103001581
0.00014776945002398527
-0.0
-0.0
-0.0
-0.0
-0.0
-0.0
-0.0
-0.0
-0.0
-0.0
-0.0
-0.0
-0.0
-0.0
-0.0
-0.0
-0.0
-0.0
-0.0
-0.0
-0.0
-0.0
-0.0
-0.0
-0.0
-0.0
-0.0
-0.0
-0.0
-0.0
-0.0
