 2.56131e-39
  -7.952e-40
 2.13148e-39
 2.24699e-39
 3.09934e-39
-2.27716e-39
-1.24062e-39
 2.01953e-39
-1.67316e-39
 4.06346e-40
-1.70181e-40
 9.70281e-40
-1.01805e-39
 1.00898e-40
 3.40488e-39
 3.13358e-39
 1.02179e-39
 1.63605e-39
-2.69841e-39
 8.05379e-40
-3.64182e-39
-1.93583e-39
-2.73132e-39
 2.29018e-39
 -2.5849e-39
  -7.458e-40
-2.78735e-39
-2.94532e-39
 3.75645e-39
-2.12127e-39
 9.73692e-41
  -0.0977893
   -0.194637
    -0.28961
   -0.381793
     -0.4703
   -0.554278
   -0.632917
   -0.705461
   -0.771211
   -0.829534
   -0.879867
   -0.921728
   -0.954711
     -0.9785
   -0.992866
   -0.997669
   -0.992865
   -0.978499
   -0.954709
   -0.921726
   -0.879865
   -0.829531
   -0.771208
   -0.705458
   -0.632914
   -0.554275
   -0.470298
   -0.381791
   -0.289608
   -0.194636
  -0.0977887
  0.00153168
  0.00304861
  0.00453618
  0.00598007
  0.00736636
  0.00868171
  0.00991345
   0.0110497
   0.0120796
   0.0129931
   0.0137815
   0.0144371
   0.0149538
   0.0153264
   0.0155514
   0.0156266
   0.0155514
   0.0153264
   0.0149538
   0.0144371
   0.0137815
   0.0129931
   0.0120796
   0.0110497
  0.00991345
  0.00868171
  0.00736636
  0.00598006
  0.00453618
  0.00304861
  0.00153168
  -0.0962451
   -0.191563
   -0.285036
   -0.375764
   -0.462873
   -0.545525
   -0.622922
    -0.69432
   -0.759032
   -0.816433
   -0.865972
    -0.90717
   -0.939633
   -0.963046
   -0.977184
   -0.981912
   -0.977184
   -0.963045
   -0.939631
   -0.907168
   -0.865969
    -0.81643
   -0.759028
   -0.694317
   -0.622919
   -0.545521
    -0.46287
   -0.375762
   -0.285034
   -0.191562
  -0.0962444
   0.0030635
   0.0060975
  0.00907277
   0.0119607
   0.0147334
   0.0173642
   0.0198278
   0.0221004
   0.0241602
   0.0259873
   0.0275642
   0.0288756
   0.0299089
   0.0306541
   0.0311042
   0.0312547
   0.0311042
   0.0306542
   0.0299089
   0.0288756
   0.0275642
   0.0259873
   0.0241602
   0.0221004
   0.0198278
   0.0173642
   0.0147334
   0.0119607
  0.00907277
   0.0060975
   0.0030635
   -0.094699
   -0.188486
   -0.280457
   -0.369728
   -0.455437
   -0.536761
   -0.612914
   -0.683165
   -0.746837
   -0.803316
   -0.852058
   -0.892595
   -0.924535
   -0.947571
   -0.961483
   -0.966134
   -0.961482
   -0.947569
   -0.924532
   -0.892591
   -0.852054
   -0.803311
   -0.746831
    -0.68316
   -0.612909
   -0.536756
   -0.455433
   -0.369724
   -0.280454
   -0.188484
  -0.0946979
  0.00459544
  0.00914662
   0.0136097
   0.0179417
    0.022101
   0.0260473
   0.0297429
    0.033152
   0.0362418
   0.0389826
   0.0413479
   0.0433151
   0.0448651
    0.045983
   0.0466581
   0.0468839
   0.0466581
    0.045983
   0.0448651
   0.0433151
   0.0413479
   0.0389826
   0.0362418
    0.033152
   0.0297429
   0.0260473
    0.022101
   0.0179417
   0.0136097
  0.00914662
  0.00459544
  -0.0931518
   -0.185406
   -0.275875
   -0.363687
   -0.447996
    -0.52799
   -0.602899
   -0.672002
   -0.734632
   -0.790188
   -0.838133
   -0.878007
   -0.909425
   -0.932084
   -0.945768
   -0.950343
   -0.945766
   -0.932081
    -0.90942
   -0.878001
   -0.838127
   -0.790181
   -0.734625
   -0.671994
   -0.602892
   -0.527983
    -0.44799
   -0.363681
   -0.275871
   -0.185403
  -0.0931503
  0.00612747
   0.0121959
   0.0181469
   0.0239232
    0.029469
    0.034731
   0.0396586
   0.0442042
    0.048324
   0.0519785
   0.0551325
   0.0577554
   0.0598222
   0.0613128
   0.0622129
    0.062514
   0.0622129
   0.0613128
   0.0598222
   0.0577554
   0.0551325
   0.0519785
   0.0483241
   0.0442042
   0.0396586
    0.034731
    0.029469
   0.0239232
   0.0181469
   0.0121959
  0.00612747
  -0.0916043
   -0.182326
   -0.271292
   -0.357645
   -0.440553
   -0.519218
   -0.592883
   -0.660837
   -0.722426
   -0.777058
   -0.824206
   -0.863416
   -0.894311
   -0.916594
    -0.93005
   -0.934549
   -0.930048
   -0.916591
   -0.894306
    -0.86341
   -0.824198
    -0.77705
   -0.722417
   -0.660828
   -0.592874
    -0.51921
   -0.440546
   -0.357639
   -0.271287
   -0.182323
  -0.0916026
  0.00765958
   0.0152454
   0.0226844
   0.0299049
   0.0368374
   0.0434151
   0.0495747
   0.0552569
   0.0604069
   0.0649752
   0.0689177
   0.0721965
     0.07478
   0.0766433
   0.0777685
   0.0781448
   0.0777685
   0.0766433
     0.07478
   0.0721965
   0.0689177
   0.0649752
   0.0604069
   0.0552569
   0.0495748
   0.0434151
   0.0368374
   0.0299049
   0.0226844
   0.0152454
  0.00765958
  -0.0900575
   -0.179247
   -0.266711
   -0.351605
   -0.433113
   -0.510449
   -0.582869
   -0.649674
   -0.710223
   -0.763931
   -0.810282
   -0.848829
   -0.879202
   -0.901108
   -0.914335
   -0.918759
   -0.914334
   -0.901104
   -0.879197
   -0.848823
   -0.810274
   -0.763922
   -0.710214
   -0.649665
    -0.58286
   -0.510441
   -0.433106
   -0.351599
   -0.266706
   -0.179244
  -0.0900558
  0.00919176
    0.018295
    0.027222
   0.0358869
   0.0442061
   0.0520996
   0.0594913
   0.0663101
   0.0724903
   0.0779723
   0.0827035
   0.0866381
   0.0897384
   0.0919744
   0.0933247
   0.0937763
   0.0933247
   0.0919744
   0.0897383
    0.086638
   0.0827034
   0.0779723
   0.0724903
   0.0663101
   0.0594913
   0.0520996
   0.0442061
   0.0358869
    0.027222
    0.018295
  0.00919176
  -0.0885121
   -0.176171
   -0.262134
   -0.345571
   -0.425679
   -0.501687
   -0.572862
    -0.63852
   -0.698027
   -0.750812
   -0.796365
   -0.834248
   -0.864098
   -0.885626
   -0.898626
   -0.902973
   -0.898625
   -0.885623
   -0.864093
   -0.834242
   -0.796358
   -0.750804
   -0.698019
   -0.638512
   -0.572855
    -0.50168
   -0.425673
   -0.345565
   -0.262129
   -0.176169
  -0.0885106
    0.010724
   0.0213447
   0.0317598
    0.041869
    0.051575
   0.0607843
   0.0694082
   0.0773636
    0.084574
   0.0909698
   0.0964895
     0.10108
    0.104697
    0.107306
    0.108881
    0.109408
    0.108881
    0.107306
    0.104697
     0.10108
   0.0964894
   0.0909697
   0.0845738
   0.0773635
   0.0694081
   0.0607843
    0.051575
    0.041869
   0.0317598
   0.0213447
    0.010724
   -0.086968
   -0.173098
    -0.25756
   -0.339541
    -0.41825
    -0.49293
   -0.562861
   -0.627369
   -0.685835
   -0.737694
   -0.782448
   -0.819665
    -0.84899
   -0.870139
    -0.88291
   -0.887181
   -0.882909
   -0.870137
   -0.848987
   -0.819661
   -0.782442
   -0.737688
   -0.685828
   -0.627363
   -0.562855
   -0.492924
   -0.418245
   -0.339537
   -0.257557
   -0.173096
  -0.0869668
   0.0122561
   0.0243942
   0.0362973
   0.0478509
   0.0589435
   0.0694684
   0.0793243
   0.0884161
   0.0966563
    0.103966
    0.110273
    0.115519
    0.119652
    0.122633
    0.124432
    0.125034
    0.124432
    0.122633
    0.119652
    0.115519
    0.110273
    0.103965
   0.0966562
    0.088416
   0.0793242
   0.0694684
   0.0589435
   0.0478508
   0.0362973
   0.0243942
   0.0122561
  -0.0854229
   -0.170023
   -0.252983
   -0.333506
   -0.410815
   -0.484164
   -0.552848
   -0.616204
   -0.673623
   -0.724552
     -0.7685
   -0.805046
   -0.833838
     -0.8546
   -0.867135
   -0.871326
   -0.867134
   -0.854598
   -0.833836
   -0.805043
   -0.768497
   -0.724548
   -0.673619
     -0.6162
   -0.552843
    -0.48416
   -0.410811
   -0.333503
   -0.252981
   -0.170021
  -0.0854221
   0.0137879
   0.0274431
   0.0408338
   0.0538312
     0.06631
     0.07815
   0.0892371
   0.0994645
    0.108734
    0.116955
     0.12405
    0.129949
    0.134596
    0.137947
    0.139971
    0.140647
    0.139971
    0.137947
    0.134596
    0.129949
     0.12405
    0.116955
    0.108734
   0.0994646
   0.0892372
     0.07815
     0.06631
   0.0538312
   0.0408338
   0.0274431
    0.013788
  -0.0838749
   -0.166941
   -0.248398
   -0.327459
   -0.403363
   -0.475378
   -0.542811
    -0.60501
   -0.661378
    -0.71137
   -0.754507
   -0.790372
   -0.818623
   -0.838994
   -0.851293
   -0.855405
   -0.851292
   -0.838993
   -0.818622
    -0.79037
   -0.754505
   -0.711368
   -0.661375
   -0.605007
   -0.542808
   -0.475376
   -0.403361
   -0.327457
   -0.248396
    -0.16694
  -0.0838743
    0.015319
   0.0304905
   0.0453681
   0.0598085
   0.0736726
   0.0868267
    0.099144
    0.110506
    0.120803
    0.129935
    0.137815
    0.144366
    0.149526
    0.153247
    0.155494
    0.156246
    0.155494
    0.153247
    0.149526
    0.144366
    0.137815
    0.129935
    0.120803
    0.110506
   0.0991441
   0.0868268
   0.0736727
   0.0598086
   0.0453681
   0.0304905
   0.0153191
  -0.0823253
   -0.163856
   -0.243807
   -0.321406
   -0.395904
   -0.466584
   -0.532763
   -0.593804
   -0.649118
   -0.698173
   -0.740495
   -0.775678
   -0.803391
   -0.823373
   -0.835438
   -0.839472
   -0.835438
   -0.823372
   -0.803389
   -0.775676
   -0.740492
    -0.69817
   -0.649115
   -0.593801
    -0.53276
   -0.466581
   -0.395902
   -0.321404
   -0.243806
   -0.163855
  -0.0823248
   0.0168491
   0.0335357
    0.049899
   0.0657814
   0.0810295
   0.0954964
    0.109043
    0.121537
     0.13286
    0.142902
    0.151565
    0.158767
     0.16444
    0.168531
    0.171001
    0.171827
    0.171001
    0.168531
     0.16444
    0.158767
    0.151565
    0.142902
     0.13286
    0.121538
    0.109043
   0.0954966
   0.0810296
   0.0657815
   0.0498991
   0.0335358
   0.0168491
  -0.0807775
   -0.160775
   -0.239222
   -0.315359
   -0.388453
   -0.457799
   -0.522726
    -0.58261
   -0.636871
   -0.684988
   -0.726496
   -0.761002
   -0.788181
   -0.807778
   -0.819609
   -0.823565
   -0.819609
   -0.807776
   -0.788179
      -0.761
   -0.726494
   -0.684986
   -0.636869
   -0.582607
   -0.522723
   -0.457796
   -0.388451
   -0.315357
    -0.23922
   -0.160774
   -0.080777
   0.0183777
   0.0365782
   0.0544259
   0.0717487
   0.0883795
    0.104158
    0.118931
    0.132557
    0.144905
    0.155853
    0.165299
    0.173151
    0.179336
    0.183796
    0.186489
    0.187389
    0.186489
    0.183796
    0.179336
    0.173151
    0.165299
    0.155854
    0.144905
    0.132558
    0.118931
    0.104158
   0.0883796
   0.0717488
    0.054426
   0.0365783
   0.0183777
  -0.0792326
     -0.1577
   -0.234645
   -0.309324
   -0.381017
    -0.44903
   -0.512709
   -0.571437
   -0.624648
    -0.67183
   -0.712528
   -0.746359
   -0.773007
    -0.79222
    -0.80382
   -0.807699
   -0.803819
   -0.792219
   -0.773005
   -0.746357
   -0.712525
   -0.671826
   -0.624645
   -0.571433
   -0.512705
   -0.449027
   -0.381014
   -0.309322
   -0.234643
   -0.157699
   -0.079232
   0.0199049
   0.0396177
   0.0589482
   0.0777099
   0.0957217
     0.11281
    0.128809
    0.143565
    0.156935
     0.16879
    0.179016
    0.187517
    0.194213
    0.199042
    0.201957
    0.202932
    0.201957
    0.199042
    0.194213
    0.187517
    0.179016
     0.16879
    0.156935
    0.143565
    0.128809
     0.11281
   0.0957216
   0.0777098
   0.0589481
   0.0396176
   0.0199048
  -0.0776897
   -0.154629
   -0.230074
   -0.303297
    -0.37359
   -0.440274
   -0.502705
    -0.56028
   -0.612443
   -0.658691
   -0.698583
   -0.731743
   -0.757861
   -0.776692
   -0.788062
   -0.791863
   -0.788061
   -0.776691
   -0.757859
    -0.73174
   -0.698579
   -0.658687
    -0.61244
   -0.560276
   -0.502701
    -0.44027
   -0.373587
   -0.303294
   -0.230072
   -0.154627
   -0.077689
   0.0214304
   0.0426538
   0.0634656
   0.0836645
    0.103056
    0.121452
    0.138675
     0.15456
    0.168951
     0.18171
    0.192716
    0.201866
    0.209072
    0.214268
    0.217405
    0.218454
    0.217405
    0.214268
    0.209072
    0.201865
    0.192716
     0.18171
    0.168951
    0.154559
    0.138675
    0.121452
    0.103056
   0.0836644
   0.0634654
   0.0426537
   0.0214303
  -0.0761492
   -0.151562
   -0.225511
    -0.29728
   -0.366176
   -0.431532
   -0.492719
   -0.549143
   -0.600261
   -0.645578
   -0.684666
   -0.717158
   -0.742749
     -0.7612
    -0.77234
   -0.776064
   -0.772339
   -0.761199
   -0.742747
   -0.717155
   -0.684663
   -0.645574
   -0.600257
   -0.549139
   -0.492715
   -0.431529
   -0.366172
   -0.297277
   -0.225509
   -0.151561
  -0.0761485
   0.0229541
   0.0456866
   0.0679777
   0.0896123
    0.110381
    0.130084
     0.14853
     0.16554
    0.180951
    0.194614
    0.206399
    0.216195
    0.223911
    0.229475
    0.232834
    0.233957
    0.232834
    0.229475
    0.223911
    0.216195
    0.206398
    0.194613
     0.18095
     0.16554
    0.148529
    0.130083
    0.110381
   0.0896119
   0.0679774
   0.0456863
    0.022954
  -0.0746138
   -0.148506
   -0.220962
   -0.291282
   -0.358786
    -0.42282
   -0.482766
   -0.538044
   -0.588119
   -0.632511
   -0.670801
   -0.702628
   -0.727695
   -0.745768
   -0.756679
   -0.760327
   -0.756678
   -0.745766
   -0.727692
   -0.702625
   -0.670797
   -0.632508
   -0.588115
    -0.53804
   -0.482762
   -0.422816
   -0.358782
   -0.291279
    -0.22096
   -0.148505
   -0.074613
   0.0244761
   0.0487158
   0.0724846
    0.095553
    0.117698
    0.138705
    0.158372
    0.176507
    0.192936
    0.207501
    0.220064
    0.230507
    0.238732
    0.244662
    0.248243
     0.24944
    0.248242
    0.244662
    0.238731
    0.230506
    0.220063
      0.2075
    0.192936
    0.176507
    0.158371
    0.138705
    0.117697
   0.0955525
   0.0724842
   0.0487155
    0.024476
  -0.0730846
   -0.145462
   -0.216433
    -0.28531
   -0.351427
   -0.414144
   -0.472855
   -0.526992
   -0.576031
   -0.619503
   -0.656998
   -0.688164
    -0.71271
   -0.730408
   -0.741092
   -0.744664
   -0.741091
   -0.730406
   -0.712708
   -0.688162
   -0.656995
     -0.6195
   -0.576028
   -0.526989
   -0.472852
   -0.414141
   -0.351423
   -0.285307
   -0.216431
   -0.145461
  -0.0730839
   0.0259966
   0.0517418
   0.0769868
    0.101488
    0.125007
    0.147318
    0.168204
    0.187463
    0.204908
    0.220374
    0.233713
    0.244802
    0.253535
    0.259832
    0.263633
    0.264905
    0.263633
    0.259832
    0.253535
    0.244801
    0.233713
    0.220373
    0.204907
    0.187462
    0.168203
    0.147317
    0.125006
    0.101487
   0.0769865
   0.0517416
   0.0259964
  -0.0715592
   -0.142426
   -0.211914
   -0.279352
   -0.344086
   -0.405491
   -0.462971
   -0.515971
   -0.563977
   -0.606532
   -0.643236
   -0.673743
    -0.69777
   -0.715093
   -0.725551
   -0.729048
    -0.72555
   -0.715092
   -0.697768
   -0.673741
   -0.643232
   -0.606528
   -0.563973
   -0.515967
   -0.462967
   -0.405487
   -0.344083
   -0.279349
   -0.211912
   -0.142425
  -0.0715585
   0.0275156
   0.0547652
    0.081485
    0.107417
    0.132309
    0.155922
    0.178026
    0.198408
    0.216869
    0.233234
     0.24735
    0.259083
    0.268324
    0.274987
    0.279009
    0.280354
    0.279009
    0.274987
    0.268324
    0.259083
     0.24735
    0.233234
    0.216868
    0.198407
    0.178026
    0.155922
    0.132309
    0.107416
   0.0814847
    0.054765
   0.0275156
   -0.070034
    -0.13939
   -0.207397
   -0.273395
   -0.336748
   -0.396839
   -0.453089
   -0.504953
   -0.551927
   -0.593567
    -0.62948
   -0.659331
    -0.68284
   -0.699789
   -0.710021
   -0.713442
   -0.710021
   -0.699788
   -0.682838
   -0.659328
   -0.629477
   -0.593563
   -0.551923
   -0.504949
   -0.453086
   -0.396836
   -0.336744
   -0.273393
   -0.207395
   -0.139389
  -0.0700333
   0.0290336
   0.0577863
   0.0859798
    0.113341
    0.139606
     0.16452
    0.187841
    0.209343
     0.22882
    0.246085
    0.260976
    0.273353
    0.283101
    0.290129
    0.294372
    0.295791
    0.294372
    0.290129
    0.283101
    0.273352
    0.260975
    0.246084
    0.228819
    0.209343
     0.18784
    0.164519
    0.139605
    0.113341
   0.0859794
    0.057786
   0.0290335
  -0.0685075
   -0.136352
   -0.202875
   -0.267434
   -0.329403
   -0.388182
   -0.443201
   -0.493927
   -0.539871
   -0.580596
    -0.61572
   -0.644913
   -0.667905
   -0.684481
   -0.694488
   -0.697834
   -0.694487
    -0.68448
   -0.667903
   -0.644911
   -0.615717
   -0.580593
   -0.539867
   -0.493924
   -0.443197
   -0.388179
     -0.3294
   -0.267432
   -0.202873
    -0.13635
  -0.0685069
   0.0305502
   0.0608047
   0.0904706
    0.119261
    0.146896
     0.17311
    0.197646
    0.220269
    0.240759
    0.258923
    0.274588
    0.287609
    0.297864
    0.305258
    0.309721
    0.311214
    0.309721
    0.305257
    0.297864
    0.287609
    0.274588
    0.258922
    0.240758
    0.220268
    0.197646
    0.173109
    0.146895
     0.11926
   0.0904701
   0.0608043
     0.03055
  -0.0669815
   -0.133314
   -0.198355
   -0.261475
   -0.322061
   -0.379527
   -0.433316
   -0.482907
   -0.527821
   -0.567633
   -0.601968
   -0.630506
   -0.652981
   -0.669185
   -0.678966
   -0.682237
   -0.678966
   -0.669183
   -0.652979
   -0.630504
   -0.601966
    -0.56763
   -0.527818
   -0.482904
   -0.433313
   -0.379524
   -0.322059
   -0.261473
   -0.198354
   -0.133313
  -0.0669809
   0.0320652
     0.06382
   0.0949567
    0.125174
    0.154179
     0.18169
    0.207442
    0.231183
    0.252686
    0.271747
    0.288186
     0.30185
    0.312611
    0.320369
    0.325053
    0.326619
    0.325053
    0.320369
     0.31261
    0.301849
    0.288185
    0.271746
    0.252685
    0.231181
     0.20744
    0.181689
    0.154177
    0.125173
   0.0949557
   0.0638193
   0.0320649
  -0.0654582
   -0.130282
   -0.193843
   -0.255526
   -0.314733
   -0.370889
   -0.423451
   -0.471909
   -0.515795
   -0.554696
   -0.588246
    -0.61613
    -0.63809
   -0.653922
   -0.663479
   -0.666675
   -0.663479
    -0.65392
   -0.638088
   -0.616128
   -0.588243
   -0.554693
   -0.515792
   -0.471905
   -0.423448
   -0.370886
    -0.31473
   -0.255524
   -0.193842
   -0.130281
  -0.0654576
   0.0335786
   0.0668319
   0.0994378
     0.13108
    0.161453
    0.190261
    0.217226
    0.242085
      0.2646
    0.284557
    0.301769
    0.316075
    0.327342
    0.335464
    0.340368
    0.342007
    0.340367
    0.335464
    0.327341
    0.316074
    0.301767
    0.284555
    0.264598
    0.242083
    0.217224
    0.190259
    0.161451
    0.131079
   0.0994365
    0.066831
   0.0335781
   -0.063938
   -0.127256
   -0.189341
    -0.24959
    -0.30742
    -0.36227
   -0.413608
   -0.460935
   -0.503798
   -0.541791
   -0.574556
   -0.601789
   -0.623235
   -0.638696
   -0.648031
   -0.651151
    -0.64803
   -0.638695
   -0.623234
   -0.601787
   -0.574554
   -0.541788
   -0.503795
   -0.460932
   -0.413605
   -0.362267
   -0.307418
   -0.249588
   -0.189339
   -0.127255
  -0.0639374
   0.0350906
   0.0698413
    0.103915
    0.136982
    0.168721
    0.198825
    0.227002
    0.252978
    0.276503
    0.297356
    0.315341
    0.330288
     0.34206
    0.350547
     0.35567
    0.357383
    0.355669
    0.350546
    0.342059
    0.330287
    0.315339
    0.297354
    0.276501
    0.252975
    0.226999
    0.198823
    0.168719
     0.13698
    0.103914
   0.0698403
   0.0350902
  -0.0624199
   -0.124235
   -0.184845
   -0.243663
   -0.300118
   -0.353663
   -0.403779
   -0.449978
   -0.491819
   -0.528905
   -0.560889
   -0.587471
   -0.608405
   -0.623497
   -0.632608
   -0.635654
   -0.632607
   -0.623496
   -0.608403
   -0.587469
   -0.560886
   -0.528902
   -0.491816
   -0.449975
   -0.403776
    -0.35366
   -0.300115
    -0.24366
   -0.184843
   -0.124233
  -0.0624192
   0.0366019
   0.0728491
     0.10839
     0.14288
    0.175986
    0.207385
    0.236773
    0.263865
    0.288401
    0.310149
    0.328905
    0.344494
    0.356771
    0.365622
    0.370965
    0.372751
    0.370964
    0.365621
     0.35677
    0.344493
    0.328904
    0.310147
    0.288399
    0.263862
    0.236771
    0.207383
    0.175984
    0.142879
    0.108389
   0.0728482
   0.0366015
  -0.0609024
   -0.121214
   -0.180351
   -0.237738
    -0.29282
   -0.345061
   -0.393956
   -0.439029
   -0.479849
    -0.51603
   -0.547233
   -0.573165
   -0.593588
   -0.608311
   -0.617199
    -0.62017
   -0.617198
    -0.60831
   -0.593586
   -0.573163
    -0.54723
   -0.516027
   -0.479846
   -0.439026
   -0.393953
   -0.345058
   -0.292817
   -0.237736
   -0.180349
   -0.121213
  -0.0609018
   0.0381129
   0.0758562
    0.112864
    0.148778
    0.183249
    0.215943
    0.246542
     0.27475
    0.300296
     0.32294
    0.342468
    0.358698
    0.371479
    0.380694
    0.386257
    0.388117
    0.386256
    0.380693
    0.371478
    0.358697
    0.342466
    0.322938
    0.300294
    0.274748
     0.24654
    0.215941
    0.183247
    0.148776
    0.112863
   0.0758554
   0.0381125
   -0.059385
   -0.118194
   -0.175857
   -0.231813
   -0.285522
    -0.33646
   -0.384134
   -0.428081
   -0.467881
   -0.503158
    -0.53358
   -0.558864
   -0.578775
    -0.59313
   -0.601796
   -0.604693
   -0.601795
   -0.593129
   -0.578774
   -0.558862
   -0.533577
   -0.503155
   -0.467878
   -0.428078
   -0.384131
   -0.336457
   -0.285519
   -0.231811
   -0.175855
   -0.118193
  -0.0593844
   0.0396242
   0.0788642
    0.117339
    0.154677
    0.190514
    0.224503
    0.256314
    0.285638
    0.312195
    0.335734
    0.356035
    0.372906
    0.386193
    0.395772
    0.401554
    0.403488
    0.401554
    0.395771
    0.386192
    0.372905
    0.356033
    0.335733
    0.312194
    0.285636
    0.256312
    0.224501
    0.190512
    0.154675
    0.117338
   0.0788636
   0.0396239
  -0.0578672
   -0.115173
   -0.171362
   -0.225888
   -0.278222
   -0.327858
   -0.374311
   -0.417133
   -0.455913
   -0.490285
   -0.519928
   -0.544564
   -0.563964
   -0.577951
   -0.586394
   -0.589217
   -0.586393
    -0.57795
   -0.563963
   -0.544562
   -0.519926
   -0.490283
   -0.455911
    -0.41713
   -0.374309
   -0.327855
    -0.27822
   -0.225886
    -0.17136
   -0.115172
  -0.0578667
   0.0411366
   0.0818743
    0.121818
     0.16058
    0.197784
    0.233069
    0.266093
    0.296534
    0.324103
    0.348538
    0.369611
    0.387125
    0.400918
    0.410861
    0.416863
     0.41887
    0.416863
     0.41086
    0.400917
    0.387124
     0.36961
    0.348537
    0.324102
    0.296533
    0.266091
    0.233068
    0.197783
    0.160579
    0.121817
   0.0818737
   0.0411364
  -0.0563494
   -0.112152
   -0.166867
   -0.219962
   -0.270924
   -0.319256
    -0.36449
   -0.406187
   -0.443948
   -0.477417
    -0.50628
   -0.530268
   -0.549158
   -0.562777
   -0.570998
   -0.573747
   -0.570998
   -0.562776
   -0.549157
   -0.530267
   -0.506278
   -0.477415
   -0.443946
   -0.406185
   -0.364488
   -0.319254
   -0.270922
   -0.219961
   -0.166866
   -0.112151
   -0.056349
   0.0426499
    0.084886
    0.126299
    0.166486
    0.205058
     0.24164
    0.275877
    0.307437
    0.336018
     0.36135
    0.383197
    0.401353
    0.415652
    0.425959
    0.432182
    0.434263
    0.432182
    0.425959
    0.415651
    0.401353
    0.383196
    0.361349
    0.336017
    0.307436
    0.275876
    0.241639
    0.205057
    0.166485
    0.126298
   0.0848855
   0.0426496
  -0.0548328
   -0.109134
   -0.162375
   -0.214042
   -0.263631
   -0.310662
   -0.354677
    -0.39525
   -0.431993
    -0.46456
   -0.492645
   -0.515986
   -0.534367
   -0.547618
   -0.555617
   -0.558292
   -0.555617
   -0.547617
   -0.534366
   -0.515985
   -0.492643
   -0.464558
   -0.431991
   -0.395248
   -0.354676
    -0.31066
   -0.263629
    -0.21404
   -0.162374
   -0.109133
  -0.0548324
    0.044163
   0.0878975
    0.130779
    0.172392
    0.212332
    0.250211
    0.285662
     0.31834
    0.347933
    0.374163
    0.396783
    0.415582
    0.430386
    0.441059
    0.447502
    0.449656
    0.447501
    0.441058
    0.430385
    0.415581
    0.396782
    0.374162
    0.347932
    0.318338
    0.285661
     0.25021
    0.212331
    0.172391
    0.130779
   0.0878971
   0.0441628
  -0.0533175
   -0.106118
   -0.157888
   -0.208127
   -0.256345
   -0.302076
   -0.344874
   -0.384325
   -0.420051
   -0.451717
   -0.479025
    -0.50172
   -0.519592
   -0.532477
   -0.540255
   -0.542855
   -0.540254
   -0.532476
   -0.519591
   -0.501719
   -0.479023
   -0.451715
    -0.42005
   -0.384323
   -0.344872
   -0.302074
   -0.256344
   -0.208125
   -0.157887
   -0.106117
  -0.0533172
   0.0456757
   0.0909081
    0.135258
    0.178296
    0.219604
     0.25878
    0.295444
    0.329239
    0.359845
    0.386972
    0.410366
    0.429808
    0.445118
    0.456155
    0.462819
    0.465046
    0.462818
    0.456155
    0.445117
    0.429807
    0.410364
    0.386971
    0.359844
    0.329238
    0.295442
    0.258778
    0.219603
    0.178295
    0.135258
   0.0909076
   0.0456754
  -0.0518036
   -0.103105
   -0.153405
   -0.202217
   -0.249066
   -0.293498
   -0.335081
    -0.37341
   -0.408122
   -0.438888
    -0.46542
    -0.48747
   -0.504835
   -0.517353
    -0.52491
   -0.527437
    -0.52491
   -0.517352
   -0.504834
   -0.487469
   -0.465418
   -0.438886
    -0.40812
   -0.373408
   -0.335078
   -0.293496
   -0.249064
   -0.202215
   -0.153404
   -0.103104
  -0.0518032
   0.0471884
   0.0939188
    0.139738
    0.184201
    0.226876
    0.267349
    0.305226
    0.340141
    0.371759
    0.399783
     0.42395
    0.444036
    0.459852
    0.471255
    0.478138
     0.48044
    0.478138
    0.471254
    0.459851
    0.444034
    0.423949
    0.399782
    0.371757
    0.340139
    0.305225
    0.267347
    0.226874
      0.1842
    0.139737
   0.0939182
   0.0471881
  -0.0502914
   -0.100095
   -0.148927
   -0.196314
   -0.241796
    -0.28493
   -0.325299
    -0.36251
   -0.396208
   -0.426076
   -0.451833
    -0.47324
   -0.490097
    -0.50225
   -0.509586
   -0.512039
   -0.509586
   -0.502249
   -0.490096
   -0.473238
   -0.451831
   -0.426073
   -0.396205
   -0.362507
   -0.325296
   -0.284928
   -0.241793
   -0.196312
   -0.148925
   -0.100094
  -0.0502909
   0.0487014
   0.0969301
    0.144218
    0.190107
     0.23415
     0.27592
    0.315012
    0.351045
    0.383676
    0.412599
     0.43754
    0.458269
    0.474592
     0.48636
    0.493464
    0.495839
    0.493463
    0.486359
    0.474591
    0.458267
    0.437538
    0.412597
    0.383674
    0.351043
     0.31501
    0.275918
    0.234148
    0.190105
    0.144217
   0.0969294
    0.048701
   -0.048781
  -0.0970886
   -0.144454
   -0.190418
   -0.234534
   -0.276373
    -0.31553
   -0.351623
    -0.38431
   -0.413281
   -0.438265
   -0.459028
    -0.47538
   -0.487168
   -0.494284
   -0.496663
   -0.494283
   -0.487166
   -0.475378
   -0.459026
   -0.438262
   -0.413278
   -0.384307
    -0.35162
   -0.315527
    -0.27637
   -0.234531
   -0.190416
   -0.144453
  -0.0970875
  -0.0487804
   0.0502143
   0.0999413
    0.148698
    0.196012
    0.241424
    0.284491
    0.324797
     0.36195
    0.395595
    0.425415
    0.451131
    0.472503
    0.489334
    0.501467
    0.508791
     0.51124
    0.508791
    0.501466
    0.489332
    0.472502
    0.451129
    0.425413
    0.395592
    0.361947
    0.324795
    0.284489
    0.241422
    0.196011
    0.148697
   0.0999404
   0.0502139
  -0.0472715
  -0.0940843
   -0.139984
   -0.184526
   -0.227277
   -0.267822
   -0.305767
   -0.340744
    -0.37242
   -0.400495
   -0.424707
   -0.444828
   -0.460674
   -0.472098
   -0.478994
   -0.481299
   -0.478993
   -0.472097
   -0.460672
   -0.444826
   -0.424704
   -0.400492
   -0.372417
   -0.340741
   -0.305764
   -0.267819
   -0.227274
   -0.184524
   -0.139983
  -0.0940831
  -0.0472709
    0.051727
    0.102952
    0.153178
    0.201917
    0.248696
    0.293062
    0.334582
    0.372853
    0.407512
    0.438231
    0.464722
    0.486738
    0.504076
    0.516574
    0.524119
    0.526642
    0.524119
    0.516573
    0.504074
    0.486736
     0.46472
    0.438229
     0.40751
    0.372851
    0.334579
    0.293059
    0.248694
    0.201915
    0.153176
    0.102951
   0.0517265
  -0.0457619
  -0.0910798
   -0.135514
   -0.178634
    -0.22002
   -0.259271
   -0.296005
   -0.329866
   -0.360531
   -0.387711
    -0.41115
    -0.43063
   -0.445971
    -0.45703
   -0.463706
   -0.465938
   -0.463706
   -0.457029
   -0.445969
   -0.430628
   -0.411148
   -0.387708
   -0.360528
   -0.329863
   -0.296002
   -0.259268
   -0.220017
   -0.178632
   -0.135513
  -0.0910788
  -0.0457614
   0.0532398
    0.105963
    0.157658
    0.207822
     0.25597
    0.301633
    0.344368
     0.38376
    0.419433
    0.451051
    0.478317
    0.500977
    0.518822
    0.531687
    0.539453
    0.542049
    0.539452
    0.531686
    0.518821
    0.500975
    0.478315
    0.451048
     0.41943
    0.383757
    0.344365
     0.30163
    0.255968
     0.20782
    0.157656
    0.105962
   0.0532392
  -0.0442519
  -0.0880746
   -0.131043
    -0.17274
   -0.212761
   -0.250717
   -0.286241
   -0.318985
    -0.34864
   -0.374924
   -0.397591
    -0.41643
   -0.431266
   -0.441961
   -0.448417
   -0.450576
   -0.448417
    -0.44196
   -0.431265
   -0.416429
    -0.39759
   -0.374923
   -0.348638
   -0.318984
   -0.286239
   -0.250715
   -0.212759
   -0.172738
   -0.131042
  -0.0880738
  -0.0442515
   0.0547537
    0.108976
    0.162141
    0.213732
     0.26325
    0.310212
    0.354163
    0.394675
    0.431364
    0.463882
    0.491925
    0.515231
    0.533584
    0.546815
    0.554802
    0.557472
    0.554801
    0.546813
    0.533582
    0.515228
    0.491922
    0.463879
    0.431361
    0.394672
     0.35416
    0.310209
    0.263247
     0.21373
    0.162139
    0.108975
   0.0547531
  -0.0427416
  -0.0850686
   -0.126571
   -0.166845
     -0.2055
   -0.242162
   -0.276474
   -0.308103
   -0.336748
   -0.362136
   -0.384032
   -0.402229
   -0.416559
    -0.42689
   -0.433127
   -0.435213
   -0.433127
    -0.42689
   -0.416559
   -0.402228
   -0.384031
   -0.362135
   -0.336747
   -0.308102
   -0.276474
   -0.242161
     -0.2055
   -0.166844
    -0.12657
  -0.0850682
  -0.0427414
   0.0562696
    0.111993
     0.16663
     0.21965
    0.270539
    0.318802
    0.363971
    0.405606
    0.443312
    0.476732
    0.505553
    0.529505
    0.548368
    0.561966
    0.570175
    0.572919
    0.570174
    0.561965
    0.548366
    0.529503
     0.50555
     0.47673
    0.443309
    0.405603
    0.363968
    0.318799
    0.270536
    0.219648
    0.166628
    0.111992
    0.056269
  -0.0412311
  -0.0820623
   -0.122098
   -0.160949
   -0.198239
   -0.233607
   -0.266708
    -0.29722
   -0.324854
   -0.349348
   -0.370471
   -0.388027
   -0.401853
    -0.41182
   -0.417837
   -0.419849
   -0.417837
    -0.41182
   -0.401852
   -0.388027
   -0.370471
   -0.349348
   -0.324854
    -0.29722
   -0.266708
   -0.233607
   -0.198239
   -0.160949
   -0.122098
  -0.0820623
   -0.041231
   0.0577867
    0.115013
    0.171123
    0.225573
    0.277834
      0.3274
    0.373788
    0.416548
    0.455273
    0.489596
    0.519196
    0.543796
    0.563169
    0.577134
    0.585566
    0.588384
    0.585565
    0.577133
    0.563167
    0.543794
    0.519194
    0.489594
     0.45527
    0.416546
    0.373785
    0.327397
    0.277832
    0.225571
    0.171121
    0.115012
   0.0577861
  -0.0397203
  -0.0790555
   -0.117624
   -0.155052
   -0.190977
    -0.22505
   -0.256939
   -0.286336
    -0.31296
   -0.336558
    -0.35691
   -0.373824
   -0.387145
   -0.396748
   -0.402546
   -0.404484
   -0.402546
   -0.396748
   -0.387145
   -0.373825
    -0.35691
   -0.336558
    -0.31296
   -0.286337
    -0.25694
    -0.22505
   -0.190978
   -0.155053
   -0.117624
  -0.0790557
  -0.0397204
   0.0593035
    0.118032
    0.175615
    0.231495
    0.285129
    0.335996
    0.383604
     0.42749
    0.467234
     0.50246
    0.532839
    0.558088
    0.577971
    0.592305
    0.600958
    0.603851
    0.600957
    0.592303
    0.577969
    0.558086
    0.532837
    0.502458
    0.467231
    0.427487
    0.383601
    0.335994
    0.285126
    0.231493
    0.175613
    0.118031
   0.0593029
  -0.0382088
  -0.0760472
   -0.113148
   -0.149153
   -0.183711
   -0.216489
   -0.247167
   -0.275447
    -0.30106
   -0.323762
   -0.343342
   -0.359615
    -0.37243
   -0.381669
   -0.387247
   -0.389112
   -0.387247
    -0.38167
   -0.372431
   -0.359615
   -0.343342
   -0.323763
    -0.30106
   -0.275448
   -0.247167
   -0.216489
   -0.183712
   -0.149154
   -0.113149
  -0.0760475
  -0.0382089
   0.0608201
     0.12105
    0.180107
    0.237416
    0.292423
    0.344593
    0.393421
    0.438432
    0.479195
    0.515326
    0.546485
    0.572382
    0.592776
    0.607478
    0.616354
    0.619321
    0.616353
    0.607477
    0.592774
     0.57238
    0.546483
    0.515323
    0.479192
    0.438429
    0.393418
     0.34459
     0.29242
    0.237414
    0.180105
    0.121049
   0.0608195
  -0.0366958
   -0.073036
   -0.108668
   -0.143248
   -0.176439
    -0.20792
   -0.237385
   -0.264548
   -0.289149
   -0.310955
   -0.329761
   -0.345392
   -0.357702
   -0.366577
   -0.371935
   -0.373727
   -0.371935
   -0.366578
   -0.357703
   -0.345393
   -0.329762
   -0.310956
    -0.28915
   -0.264548
   -0.237385
    -0.20792
    -0.17644
   -0.143248
   -0.108669
  -0.0730364
   -0.036696
   0.0623397
    0.124075
    0.184607
    0.243349
    0.299732
    0.353207
    0.403258
    0.449397
    0.491182
     0.52822
    0.560161
    0.586708
    0.607614
    0.622685
    0.631784
    0.634826
    0.631783
    0.622684
    0.607612
    0.586705
    0.560158
    0.528216
    0.491179
    0.449393
    0.403254
    0.353204
    0.299729
    0.243347
    0.184605
    0.124074
    0.062339
  -0.0351812
  -0.0700216
   -0.104184
   -0.137336
   -0.169158
   -0.199341
   -0.227592
   -0.253636
   -0.277225
   -0.298134
   -0.316167
   -0.331155
   -0.342959
   -0.351469
   -0.356606
   -0.358324
   -0.356606
   -0.351469
   -0.342959
   -0.331155
   -0.316167
   -0.298134
   -0.277225
   -0.253637
   -0.227593
   -0.199342
   -0.169159
   -0.137337
   -0.104184
  -0.0700219
  -0.0351813
   0.0638646
     0.12711
    0.189123
    0.249303
    0.307066
    0.361852
     0.41313
    0.460402
    0.503214
    0.541162
    0.573889
    0.601089
    0.622509
    0.637952
    0.647275
    0.650391
    0.647274
     0.63795
    0.622507
    0.601086
    0.573885
    0.541158
     0.50321
    0.460398
    0.413126
    0.361849
    0.307063
      0.2493
    0.189121
    0.127109
   0.0638638
  -0.0336652
  -0.0670043
  -0.0996946
   -0.131419
   -0.161871
   -0.190755
    -0.21779
   -0.242715
    -0.26529
     -0.2853
   -0.302559
   -0.316904
   -0.328201
   -0.336346
   -0.341263
   -0.342908
   -0.341263
   -0.336346
   -0.328201
   -0.316904
   -0.302559
   -0.285301
    -0.26529
   -0.242715
   -0.217791
   -0.190755
   -0.161871
    -0.13142
  -0.0996948
  -0.0670045
  -0.0336653
   0.0653936
    0.130154
    0.193652
    0.255274
    0.314422
    0.370522
    0.423031
     0.47144
    0.515282
    0.554143
    0.587659
    0.615514
    0.637451
    0.653267
    0.662814
    0.666007
    0.662814
    0.653265
    0.637449
    0.615512
    0.587655
     0.55414
    0.515278
    0.471436
    0.423027
    0.370519
    0.314418
    0.255271
     0.19365
    0.130152
   0.0653929
  -0.0321479
  -0.0639846
  -0.0952019
   -0.125497
   -0.154578
   -0.182161
    -0.20798
   -0.231785
   -0.253345
   -0.272457
   -0.288941
   -0.302642
   -0.313432
   -0.321211
   -0.325908
   -0.327478
   -0.325908
   -0.321211
   -0.313432
   -0.302641
   -0.288941
   -0.272457
   -0.253345
   -0.231785
    -0.20798
   -0.182161
   -0.154578
   -0.125497
  -0.0952019
  -0.0639846
  -0.0321479
   0.0669243
      0.1332
    0.198186
    0.261251
    0.321785
    0.379202
    0.432944
    0.482491
    0.527366
    0.567142
    0.601448
     0.62996
    0.652415
    0.668604
    0.678377
    0.681645
    0.678376
    0.668603
    0.652413
    0.629958
    0.601445
    0.567139
    0.527362
    0.482488
    0.432941
    0.379199
    0.321783
    0.261249
    0.198184
    0.133199
   0.0669236
  -0.0306295
  -0.0609625
  -0.0907056
   -0.119571
   -0.147279
   -0.173561
   -0.198163
   -0.220846
   -0.241391
   -0.259603
   -0.275311
   -0.288367
    -0.29865
   -0.306064
    -0.31054
   -0.312036
    -0.31054
   -0.306064
    -0.29865
   -0.288367
    -0.27531
   -0.259602
    -0.24139
   -0.220845
   -0.198162
   -0.173561
   -0.147278
   -0.119571
  -0.0907054
  -0.0609623
  -0.0306294
   0.0684556
    0.136248
    0.202721
    0.267231
    0.329153
    0.387886
    0.442863
     0.49355
    0.539457
    0.580151
    0.615247
    0.644418
    0.667391
    0.683954
    0.693953
    0.697296
    0.693953
    0.683953
     0.66739
    0.644416
    0.615245
    0.580149
    0.539455
    0.493547
     0.44286
    0.387884
     0.32915
    0.267229
     0.20272
    0.136247
   0.0684551
  -0.0291098
  -0.0579381
  -0.0862058
    -0.11364
   -0.139974
   -0.164954
   -0.188337
   -0.209898
   -0.229426
   -0.246738
    -0.26167
   -0.274081
   -0.283857
   -0.290904
   -0.295159
   -0.296582
   -0.295159
   -0.290904
   -0.283856
   -0.274081
    -0.26167
   -0.246738
   -0.229426
   -0.209897
   -0.188337
   -0.164953
   -0.139973
   -0.113639
  -0.0862054
  -0.0579378
  -0.0291097
   0.0699874
    0.139297
    0.207259
    0.273213
    0.336523
    0.396575
    0.452787
    0.504615
    0.551557
    0.593168
    0.629057
    0.658887
    0.682379
    0.699317
    0.709542
    0.712961
    0.709542
    0.699316
    0.682378
    0.658885
    0.629055
    0.593166
    0.551554
    0.504612
    0.452784
    0.396572
    0.336521
    0.273212
    0.207257
    0.139296
   0.0699869
  -0.0275891
  -0.0549113
  -0.0817027
   -0.107704
   -0.132664
    -0.15634
   -0.178504
   -0.198941
   -0.217453
   -0.233864
   -0.248019
   -0.259785
   -0.269052
   -0.275733
   -0.279767
   -0.281115
   -0.279767
   -0.275733
   -0.269051
   -0.259784
   -0.248018
   -0.233863
   -0.217452
   -0.198941
   -0.178504
   -0.156339
   -0.132663
   -0.107703
  -0.0817022
   -0.054911
  -0.0275889
   0.0715192
    0.142346
    0.211796
    0.279195
    0.343893
    0.405263
    0.462711
     0.51568
    0.563658
    0.606188
    0.642871
    0.673361
    0.697374
    0.714686
    0.725138
    0.728633
    0.725138
    0.714685
    0.697372
    0.673359
    0.642868
    0.606186
    0.563655
    0.515677
    0.462708
     0.40526
    0.343891
    0.279193
    0.211794
    0.142345
   0.0715186
   -0.026067
   -0.051882
  -0.0771956
   -0.101763
   -0.125347
   -0.147719
   -0.168662
   -0.187975
   -0.205469
   -0.220978
   -0.234355
   -0.245475
   -0.254233
   -0.260548
    -0.26436
   -0.265635
    -0.26436
   -0.260547
   -0.254233
   -0.245474
   -0.234354
   -0.220977
   -0.205468
   -0.187974
   -0.168661
   -0.147718
   -0.125346
   -0.101763
  -0.0771952
  -0.0518817
  -0.0260668
   0.0730506
    0.145395
    0.216332
    0.285177
    0.351263
    0.413951
    0.472634
    0.526745
     0.57576
    0.619211
    0.656688
    0.687839
    0.712373
    0.730061
     0.74074
     0.74431
    0.740739
     0.73006
    0.712371
    0.687836
    0.656685
    0.619208
    0.575757
    0.526742
    0.472631
    0.413947
     0.35126
    0.285174
     0.21633
    0.145393
   0.0730499
  -0.0245431
  -0.0488491
  -0.0726832
  -0.0958151
   -0.118021
   -0.139087
   -0.158808
   -0.176994
   -0.193469
   -0.208075
   -0.220674
   -0.231147
   -0.239396
   -0.245343
   -0.248934
   -0.250134
   -0.248934
   -0.245343
   -0.239395
   -0.231146
   -0.220673
   -0.208075
   -0.193469
   -0.176994
   -0.158807
   -0.139086
   -0.118021
  -0.0958146
  -0.0726828
  -0.0488488
   -0.024543
   0.0745823
    0.148443
    0.220869
    0.291159
    0.358634
    0.422641
    0.482561
    0.537815
    0.587868
     0.63224
    0.670513
    0.702326
    0.727381
    0.745446
    0.756352
    0.759999
    0.756351
    0.745444
    0.727379
    0.702322
    0.670509
    0.632236
    0.587863
     0.53781
    0.482556
    0.422636
     0.35863
    0.291156
    0.220866
    0.148442
   0.0745814
   -0.023017
  -0.0458119
  -0.0681643
  -0.0898585
   -0.110685
   -0.130442
   -0.148939
   -0.165998
   -0.181452
   -0.195153
   -0.206972
   -0.216796
   -0.224535
   -0.230114
   -0.233483
   -0.234609
   -0.233483
   -0.230114
   -0.224534
   -0.216796
   -0.206971
   -0.195152
   -0.181451
   -0.165997
   -0.148939
   -0.130442
   -0.110684
   -0.089858
  -0.0681639
  -0.0458116
  -0.0230169
   0.0761152
    0.151495
     0.22541
    0.297147
    0.366012
    0.431339
    0.492498
    0.548896
     0.59999
    0.645286
    0.684356
    0.716832
    0.742411
    0.760853
    0.771988
     0.77571
    0.771986
    0.760851
    0.742408
    0.716828
    0.684351
    0.645281
    0.599985
    0.548891
    0.492492
    0.431334
    0.366007
    0.297143
    0.225407
    0.151493
   0.0761142
  -0.0214888
  -0.0427701
  -0.0636387
   -0.083893
   -0.103338
   -0.121784
   -0.139056
   -0.154984
   -0.169415
   -0.182211
   -0.193248
   -0.202423
    -0.20965
   -0.214861
   -0.218008
    -0.21906
   -0.218008
   -0.214861
    -0.20965
   -0.202423
   -0.193247
    -0.18221
   -0.169415
   -0.154984
   -0.139055
   -0.121784
   -0.103337
  -0.0838927
  -0.0636384
  -0.0427699
  -0.0214887
   0.0776511
    0.154552
     0.22996
    0.303146
    0.373404
    0.440055
    0.502454
        0.56
    0.612137
    0.658361
    0.698232
    0.731375
    0.757479
      0.7763
    0.787664
    0.791463
    0.787662
    0.776298
    0.757476
     0.73137
    0.698227
    0.658355
    0.612131
    0.559995
    0.502449
    0.440049
    0.373399
    0.303142
    0.229957
     0.15455
     0.07765
  -0.0199585
  -0.0397246
  -0.0591073
  -0.0779199
  -0.0959807
   -0.113115
   -0.129158
   -0.143955
   -0.157362
    -0.16925
   -0.179505
    -0.18803
   -0.194745
   -0.199587
    -0.20251
   -0.203488
    -0.20251
   -0.199587
   -0.194745
    -0.18803
   -0.179504
    -0.16925
   -0.157362
   -0.143955
   -0.129158
   -0.113115
  -0.0959806
  -0.0779198
  -0.0591073
  -0.0397245
  -0.0199585
   0.0791917
    0.157619
    0.234524
    0.309164
     0.38082
    0.448798
    0.512443
    0.571141
    0.624324
     0.67148
    0.712156
    0.745969
    0.772602
    0.791805
    0.803398
    0.807275
    0.803397
    0.791803
    0.772599
    0.745965
    0.712151
    0.671475
    0.624318
    0.571135
    0.512438
    0.448793
    0.380815
     0.30916
    0.234521
    0.157617
   0.0791906
  -0.0184267
  -0.0366758
  -0.0545712
  -0.0719404
  -0.0886159
   -0.104437
    -0.11925
   -0.132914
   -0.145294
   -0.156273
   -0.165745
   -0.173618
   -0.179821
   -0.184293
   -0.186993
   -0.187896
   -0.186993
   -0.184293
   -0.179821
   -0.173618
   -0.165745
   -0.156273
   -0.145294
   -0.132914
    -0.11925
   -0.104437
  -0.0886159
  -0.0719405
  -0.0545713
  -0.0366758
  -0.0184268
   0.0807379
    0.160697
    0.239104
    0.315205
    0.388263
    0.457574
    0.522469
    0.582323
    0.636557
     0.68465
    0.726137
    0.760624
    0.787789
    0.807376
    0.819201
    0.823155
      0.8192
    0.807374
    0.787786
    0.760621
    0.726132
    0.684645
    0.636552
    0.582318
    0.522464
    0.457569
    0.388258
    0.315201
    0.239102
    0.160695
    0.080737
  -0.0168935
  -0.0336242
  -0.0500308
  -0.0659551
  -0.0812437
  -0.0957492
   -0.109332
    -0.12186
   -0.133213
   -0.143282
   -0.151968
    -0.15919
   -0.164879
   -0.168981
   -0.171458
   -0.172286
   -0.171458
   -0.168981
   -0.164879
    -0.15919
   -0.151968
   -0.143282
   -0.133213
    -0.12186
   -0.109332
  -0.0957494
  -0.0812439
  -0.0659553
  -0.0500309
  -0.0336242
  -0.0168935
    0.082289
    0.163784
    0.243699
    0.321264
    0.395729
    0.466378
    0.532528
    0.593541
    0.648831
    0.697863
    0.740166
    0.775333
    0.803033
    0.823006
    0.835065
    0.839097
    0.835064
    0.823005
    0.803031
     0.77533
    0.740163
     0.69786
    0.648827
    0.593538
    0.532524
    0.466374
    0.395726
    0.321261
    0.243697
    0.163783
   0.0822883
  -0.0153589
  -0.0305698
  -0.0454862
  -0.0599644
  -0.0738647
  -0.0870534
  -0.0994032
   -0.110795
   -0.121119
   -0.130276
   -0.138176
   -0.144745
   -0.149919
   -0.153651
   -0.155904
   -0.156657
   -0.155904
   -0.153651
   -0.149919
   -0.144745
   -0.138177
   -0.130276
   -0.121119
   -0.110795
  -0.0994034
  -0.0870536
   -0.073865
  -0.0599646
  -0.0454864
  -0.0305699
   -0.015359
   0.0838431
    0.166878
    0.248303
    0.327335
    0.403211
    0.475199
    0.542606
    0.604782
    0.661128
    0.711101
    0.754221
    0.790073
    0.818312
    0.838675
    0.850969
     0.85508
    0.850969
    0.838674
    0.818311
    0.790071
     0.75422
      0.7111
    0.661126
     0.60478
    0.542604
    0.475197
    0.403209
    0.327334
    0.248303
    0.166877
   0.0838428
  -0.0138232
  -0.0275134
  -0.0409384
  -0.0539692
  -0.0664801
  -0.0783507
  -0.0894665
  -0.0997204
   -0.109014
   -0.117257
    -0.12437
   -0.130285
   -0.134944
   -0.138304
   -0.140333
   -0.141011
   -0.140333
   -0.138304
   -0.134944
   -0.130285
    -0.12437
   -0.117257
   -0.109014
  -0.0997206
  -0.0894667
  -0.0783509
  -0.0664803
  -0.0539694
  -0.0409386
  -0.0275134
  -0.0138233
   0.0853973
    0.169972
    0.252908
    0.333406
    0.410692
     0.48402
    0.552683
    0.616021
    0.673423
    0.724337
    0.768273
    0.804808
    0.833591
    0.854346
    0.866878
    0.871068
    0.866878
    0.854346
    0.833591
    0.804807
    0.768272
    0.724337
    0.673423
     0.61602
    0.552683
    0.484019
    0.410692
    0.333406
    0.252908
    0.169972
   0.0853973
   -0.012287
  -0.0244556
  -0.0363887
  -0.0479713
   -0.059092
  -0.0696436
  -0.0795244
  -0.0886393
  -0.0969006
   -0.104228
   -0.110553
   -0.115812
   -0.119955
   -0.122943
   -0.124748
   -0.125351
   -0.124748
   -0.122944
   -0.119955
   -0.115812
   -0.110553
   -0.104229
  -0.0969007
  -0.0886395
  -0.0795246
  -0.0696437
  -0.0590922
  -0.0479715
  -0.0363888
  -0.0244557
   -0.012287
   0.0869497
    0.173062
    0.257506
     0.33947
    0.418163
    0.492828
    0.562744
     0.62724
    0.685694
    0.737543
    0.782289
      0.8195
    0.848819
    0.869965
    0.882734
    0.887004
    0.882734
    0.869965
     0.84882
      0.8195
    0.782289
    0.737544
    0.685695
    0.627241
    0.562745
    0.492828
    0.418164
    0.339471
    0.257507
    0.173062
   0.0869499
  -0.0107505
  -0.0213974
  -0.0318383
  -0.0419725
  -0.0517026
  -0.0609347
    -0.06958
  -0.0775553
  -0.0847836
  -0.0911954
   -0.096729
   -0.101331
   -0.104957
   -0.107573
   -0.109152
    -0.10968
   -0.109152
   -0.107573
   -0.104957
   -0.101331
  -0.0967292
  -0.0911956
  -0.0847838
  -0.0775555
  -0.0695802
  -0.0609349
  -0.0517028
  -0.0419727
  -0.0318384
  -0.0213975
  -0.0107505
   0.0884999
    0.176147
    0.262098
    0.345524
    0.425622
     0.50162
    0.572786
    0.638436
    0.697936
    0.750715
    0.796263
    0.834143
     0.86399
    0.885517
    0.898516
    0.902863
    0.898516
    0.885517
     0.86399
    0.834144
    0.796264
    0.750715
    0.697937
    0.638437
    0.572787
    0.501621
    0.425623
    0.345525
    0.262099
    0.176148
   0.0885002
 -0.00921406
  -0.0183394
  -0.0272881
   -0.035974
  -0.0443135
  -0.0522262
   -0.059636
  -0.0664715
  -0.0726668
  -0.0781623
   -0.082905
  -0.0868493
  -0.0899572
  -0.0921988
  -0.0935524
  -0.0940051
  -0.0935525
  -0.0921988
  -0.0899573
  -0.0868494
  -0.0829051
  -0.0781624
   -0.072667
  -0.0664717
  -0.0596362
  -0.0522264
  -0.0443137
  -0.0359742
  -0.0272882
  -0.0183395
 -0.00921411
   0.0900487
     0.17923
    0.266685
    0.351572
    0.433072
    0.510401
    0.582815
    0.649615
    0.710159
    0.763864
    0.810212
    0.848757
    0.879128
    0.901033
    0.914261
    0.918685
    0.914262
    0.901034
    0.879129
    0.848757
    0.810212
    0.763864
     0.71016
    0.649616
    0.582816
    0.510403
    0.433073
    0.351573
    0.266686
    0.179231
    0.090049
 -0.00767783
  -0.0152817
  -0.0227384
  -0.0299762
  -0.0369252
  -0.0435187
   -0.049693
  -0.0553888
  -0.0605512
  -0.0651304
  -0.0690824
  -0.0723691
  -0.0749589
  -0.0768267
  -0.0779547
  -0.0783319
  -0.0779547
  -0.0768268
   -0.074959
  -0.0723693
  -0.0690826
  -0.0651306
  -0.0605514
   -0.055389
  -0.0496933
  -0.0435189
  -0.0369254
  -0.0299763
  -0.0227386
  -0.0152818
 -0.00767787
   0.0915968
    0.182311
     0.27127
    0.357616
    0.440518
    0.519177
    0.592836
    0.660786
    0.722372
       0.777
    0.824146
    0.863355
    0.894249
    0.916532
    0.929988
    0.934487
    0.929988
    0.916532
    0.894249
    0.863355
    0.824146
    0.777001
    0.722372
    0.660787
    0.592837
    0.519178
    0.440519
    0.357617
     0.27127
    0.182312
   0.0915969
 -0.00614177
  -0.0122244
  -0.0181893
   -0.023979
  -0.0295378
  -0.0348121
  -0.0397512
  -0.0443075
   -0.048437
  -0.0521001
  -0.0552615
  -0.0578906
  -0.0599622
  -0.0614564
  -0.0623587
  -0.0626604
  -0.0623587
  -0.0614565
  -0.0599623
  -0.0578907
  -0.0552616
  -0.0521003
  -0.0484372
  -0.0443077
  -0.0397514
  -0.0348123
  -0.0295379
  -0.0239791
  -0.0181894
  -0.0122245
  -0.0061418
    0.093145
    0.185393
    0.275855
    0.363661
    0.447964
    0.527953
    0.602858
    0.671956
    0.734583
    0.790136
    0.838079
    0.877951
    0.909368
    0.932027
     0.94571
    0.950286
     0.94571
    0.932027
    0.909367
     0.87795
    0.838078
    0.790135
    0.734582
    0.671955
    0.602857
    0.527952
    0.447964
     0.36366
    0.275855
    0.185393
   0.0931448
 -0.00460591
 -0.00916745
  -0.0136407
  -0.0179826
  -0.0221513
  -0.0261067
  -0.0298107
  -0.0332276
  -0.0363245
  -0.0390715
  -0.0414423
   -0.043414
  -0.0449676
  -0.0460881
  -0.0467648
   -0.046991
  -0.0467648
  -0.0460881
  -0.0449677
  -0.0434141
  -0.0414424
  -0.0390717
  -0.0363246
  -0.0332277
  -0.0298108
  -0.0261068
  -0.0221514
  -0.0179827
  -0.0136408
 -0.00916751
 -0.00460593
   0.0946938
    0.188476
    0.280442
    0.369708
    0.455413
    0.536733
    0.612883
     0.68313
    0.746799
    0.803275
    0.852016
    0.892551
     0.92449
    0.947526
    0.961437
    0.966088
    0.961436
    0.947525
    0.924488
    0.892548
    0.852013
    0.803272
    0.746796
    0.683127
     0.61288
     0.53673
    0.455411
    0.369706
    0.280441
    0.188474
   0.0946932
 -0.00307029
 -0.00611102
  -0.0090929
  -0.0119872
  -0.0147661
  -0.0174027
  -0.0198718
  -0.0221495
  -0.0242139
  -0.0260451
  -0.0276254
  -0.0289397
  -0.0299754
  -0.0307223
  -0.0311733
  -0.0313242
  -0.0311734
  -0.0307223
  -0.0299754
  -0.0289398
  -0.0276255
  -0.0260452
   -0.024214
  -0.0221496
  -0.0198719
  -0.0174028
  -0.0147661
  -0.0119873
 -0.00909295
 -0.00611106
 -0.00307031
   0.0962419
    0.191557
    0.285027
    0.375752
    0.462859
    0.545507
    0.622902
    0.694299
    0.759008
    0.816408
    0.865945
    0.907143
    0.939604
    0.963017
    0.977155
    0.981882
    0.977154
    0.963015
    0.939601
    0.907139
    0.865941
    0.816403
    0.759003
    0.694293
    0.622897
    0.545503
    0.462854
    0.375749
    0.285024
    0.191555
   0.0962409
 -0.00153498
 -0.00305518
 -0.00454596
 -0.00599296
 -0.00738225
 -0.00870044
 -0.00993484
  -0.0110736
  -0.0121056
  -0.0130211
  -0.0138112
  -0.0144683
  -0.0149861
  -0.0153595
   -0.015585
  -0.0156604
   -0.015585
  -0.0153595
  -0.0149861
  -0.0144684
  -0.0138113
  -0.0130212
  -0.0121057
  -0.0110736
 -0.00993489
 -0.00870048
 -0.00738229
   -0.005993
 -0.00454599
  -0.0030552
 -0.00153499
   0.0977869
    0.194632
    0.289603
    0.381785
    0.470289
    0.554265
    0.632902
    0.705445
    0.771193
    0.829514
    0.879847
    0.921706
    0.954688
    0.978476
    0.992841
    0.997645
     0.99284
    0.978474
    0.954685
    0.921701
    0.879842
    0.829509
    0.771187
    0.705438
    0.632896
    0.554259
    0.470284
     0.38178
    0.289599
     0.19463
   0.0977857
 3.28913e-39
 -3.3014e-40
-1.89168e-39
-3.23781e-39
 1.82278e-39
-2.13122e-39
-1.52154e-39
-1.97773e-39
 -2.1134e-39
 3.61048e-39
 1.39009e-41
 3.64814e-41
-2.87523e-39
-1.86555e-39
-3.04057e-39
 2.84914e-39
 1.41078e-39
 1.80997e-39
-7.99968e-40
-1.19965e-39
 1.36026e-39
-2.12427e-39
 3.68305e-39
-3.64244e-39
 2.95003e-39
-7.13002e-40
 6.20847e-40
 2.66283e-39
 2.16784e-39
-8.19334e-40
  1.5709e-39
