0.0
0.0
0.0
0.0
0.0
0.0
0.0
0.0
0.0
0.0
0.0
0.0
0.0
0.0
0.0
0.0
0.0
0.0
0.0
0.0
0.0
0.0
0.0
0.0
0.0
0.0
0.0
0.0
0.0
0.0
0.0
0.0015315178176493844
0.003048286281502004
0.004535698082100974
0.005979428630704528
0.007365574012906213
0.008680784890931284
0.00991239506505696
0.011048543456039804
0.012078288333792766
0.01299171269222727
0.013780019755443046
0.014435617695488855
0.014952192745815765
0.015324770006300475
0.015549761354253075
0.015625
0.015549761354253077
0.015324770006300475
0.014952192745815765
0.014435617695488855
0.013780019755443048
0.012991712692227273
0.012078288333792767
0.011048543456039806
0.00991239506505696
0.008680784890931284
0.007365574012906217
0.00597942863070453
0.004535698082100975
0.0030482862815020095
0.001531517817649388
0.003063035635298769
0.006096572563004008
0.009071396164201948
0.011958857261409056
0.014731148025812426
0.017361569781862568
0.01982479013011392
0.022097086912079608
0.02415657666758553
0.02598342538445454
0.027560039510886092
0.02887123539097771
0.02990438549163153
0.03064954001260095
0.03109952270850615
0.03125
0.031099522708506154
0.03064954001260095
0.02990438549163153
0.02887123539097771
0.027560039510886095
0.025983425384454546
0.024156576667585535
0.02209708691207961
0.01982479013011392
0.017361569781862568
0.014731148025812433
0.01195885726140906
0.00907139616420195
0.006096572563004019
0.003063035635298776
0.004594553452948153
0.009144858844506012
0.013607094246302923
0.017938285892113583
0.02209672203871864
0.026042354672793852
0.029737185195170882
0.03314563036811941
0.0362348650013783
0.038975138076681806
0.04134005926632914
0.04330685308646656
0.04485657823744729
0.045974310018901426
0.04664928406275923
0.046875
0.04664928406275923
0.045974310018901426
0.04485657823744729
0.04330685308646656
0.041340059266329145
0.03897513807668182
0.036234865001378305
0.03314563036811942
0.029737185195170882
0.026042354672793852
0.02209672203871865
0.01793828589211359
0.013607094246302924
0.009144858844506028
0.004594553452948164
0.006126071270597538
0.012193145126008016
0.018142792328403896
0.02391771452281811
0.029462296051624853
0.034723139563725136
0.03964958026022784
0.044194173824159216
0.04831315333517106
0.05196685076890908
0.055120079021772184
0.05774247078195542
0.05980877098326306
0.0612990800252019
0.0621990454170123
0.0625
0.06219904541701231
0.0612990800252019
0.05980877098326306
0.05774247078195542
0.05512007902177219
0.05196685076890909
0.04831315333517107
0.04419417382415922
0.03964958026022784
0.034723139563725136
0.029462296051624867
0.02391771452281812
0.0181427923284039
0.012193145126008038
0.006126071270597552
0.007657589088246922
0.015241431407510019
0.02267849041050487
0.02989714315352264
0.03682787006453107
0.04340392445465642
0.04956197532528481
0.05524271728019902
0.060391441668963826
0.06495856346113635
0.06890009877721523
0.07217808847744428
0.07476096372907882
0.07662385003150238
0.07774880677126537
0.078125
0.07774880677126539
0.07662385003150238
0.07476096372907882
0.07217808847744428
0.06890009877721524
0.06495856346113636
0.06039144166896383
0.05524271728019903
0.04956197532528481
0.04340392445465642
0.03682787006453108
0.029897143153522647
0.022678490410504876
0.015241431407510048
0.0076575890882469395
0.009189106905896307
0.018289717689012025
0.027214188492605845
0.035876571784227165
0.04419344407743728
0.052084709345587704
0.059474370390341764
0.06629126073623882
0.0724697300027566
0.07795027615336361
0.08268011853265828
0.08661370617293312
0.08971315647489458
0.09194862003780285
0.09329856812551846
0.09375
0.09329856812551846
0.09194862003780285
0.08971315647489458
0.08661370617293312
0.08268011853265829
0.07795027615336364
0.07246973000275661
0.06629126073623884
0.059474370390341764
0.052084709345587704
0.0441934440774373
0.03587657178422718
0.02721418849260585
0.018289717689012056
0.009189106905896327
0.01072062472354569
0.021338003970514028
0.031749886574706815
0.0418560004149317
0.051559018090343495
0.06076549423651899
0.06938676545539872
0.07733980419227862
0.08454801833654936
0.09094198884559089
0.09646013828810132
0.10104932386842198
0.10466534922071036
0.10727339004410333
0.10884832947977152
0.109375
0.10884832947977154
0.10727339004410333
0.10466534922071036
0.10104932386842198
0.09646013828810134
0.0909419888455909
0.08454801833654937
0.07733980419227864
0.06938676545539872
0.06076549423651899
0.051559018090343516
0.041856000414931704
0.03174988657470682
0.021338003970514066
0.010720624723545714
0.012252142541195075
0.02438629025201603
0.03628558465680779
0.04783542904563622
0.058924592103249705
0.06944627912745027
0.07929916052045569
0.08838834764831843
0.09662630667034212
0.10393370153781815
0.11024015804354437
0.11548494156391084
0.11961754196652612
0.1225981600504038
0.1243980908340246
0.125
0.12439809083402462
0.1225981600504038
0.11961754196652612
0.11548494156391084
0.11024015804354438
0.10393370153781818
0.09662630667034214
0.08838834764831845
0.07929916052045569
0.06944627912745027
0.05892459210324973
0.04783542904563624
0.0362855846568078
0.024386290252016076
0.012252142541195103
0.01378366035884446
0.027434576533518034
0.04082128273890877
0.05381485767634075
0.06629016611615592
0.07812706401838156
0.08921155558551265
0.09943689110435824
0.10870459500413489
0.11692541423004542
0.12402017779898741
0.1299205592593997
0.13456973471234188
0.13792293005670428
0.13994785218827768
0.140625
0.13994785218827768
0.13792293005670428
0.13456973471234188
0.1299205592593997
0.12402017779898743
0.11692541423004546
0.1087045950041349
0.09943689110435826
0.08921155558551265
0.07812706401838156
0.06629016611615594
0.05381485767634077
0.040821282738908775
0.027434576533518086
0.013783660358844492
0.015315178176493844
0.030482862815020037
0.04535698082100974
0.05979428630704528
0.07365574012906213
0.08680784890931284
0.09912395065056961
0.11048543456039804
0.12078288333792765
0.1299171269222727
0.13780019755443046
0.14435617695488856
0.14952192745815765
0.15324770006300475
0.15549761354253075
0.15625
0.15549761354253078
0.15324770006300475
0.14952192745815765
0.14435617695488856
0.1378001975544305
0.12991712692227272
0.12078288333792767
0.11048543456039805
0.09912395065056961
0.08680784890931284
0.07365574012906216
0.059794286307045294
0.04535698082100975
0.030482862815020096
0.015315178176493879
0.016846695994143228
0.033531149096522044
0.049892678903110714
0.0657737149377498
0.08102131414196835
0.09548863380024412
0.10903634571562656
0.12153397801643784
0.13286117167172043
0.14290883961449996
0.1515802173098735
0.1587917946503774
0.16447412020397342
0.16857247006930523
0.17104737489678382
0.171875
0.17104737489678384
0.16857247006930523
0.16447412020397342
0.1587917946503774
0.15158021730987353
0.1429088396145
0.13286117167172043
0.12153397801643787
0.10903634571562656
0.09548863380024412
0.08102131414196838
0.06577371493774982
0.04989267890311072
0.033531149096522106
0.016846695994143266
0.018378213811792613
0.03657943537802405
0.05442837698521169
0.07175314356845433
0.08838688815487455
0.10416941869117541
0.11894874078068353
0.13258252147247765
0.1449394600055132
0.15590055230672722
0.16536023706531655
0.17322741234586625
0.17942631294978917
0.1838972400756057
0.1865971362510369
0.1875
0.1865971362510369
0.1838972400756057
0.17942631294978917
0.17322741234586625
0.16536023706531658
0.15590055230672728
0.14493946000551322
0.13258252147247768
0.11894874078068353
0.10416941869117541
0.0883868881548746
0.07175314356845436
0.0544283769852117
0.03657943537802411
0.018378213811792655
0.019909731629442
0.03962772165952605
0.05896407506731266
0.07773257219915886
0.09575246216778077
0.11285020358210669
0.1288611358457405
0.14363106492851746
0.15701774833930596
0.1688922649989545
0.1791402568207596
0.18766303004135512
0.19437850569560494
0.19922201008190618
0.20214689760528998
0.203125
0.20214689760529
0.19922201008190618
0.19437850569560494
0.18766303004135512
0.17914025682075962
0.16889226499895454
0.15701774833930598
0.1436310649285175
0.1288611358457405
0.11285020358210669
0.09575246216778081
0.07773257219915888
0.058964075067312674
0.039627721659526126
0.019909731629442044
0.02144124944709138
0.042676007941028056
0.06349977314941363
0.0837120008298634
0.10311803618068699
0.12153098847303798
0.13877353091079744
0.15467960838455724
0.16909603667309872
0.18188397769118178
0.19292027657620264
0.20209864773684397
0.20933069844142072
0.21454678008820666
0.21769665895954304
0.21875
0.21769665895954307
0.21454678008820666
0.20933069844142072
0.20209864773684397
0.19292027657620267
0.1818839776911818
0.16909603667309875
0.15467960838455727
0.13877353091079744
0.12153098847303798
0.10311803618068703
0.08371200082986341
0.06349977314941364
0.04267600794102813
0.02144124944709143
0.022972767264740766
0.045724294222530056
0.06803547123151461
0.08969142946056792
0.11048361019359319
0.13021177336396927
0.14868592597585442
0.16572815184059705
0.18117432500689148
0.19487569038340904
0.2067002963316457
0.21653426543233284
0.22428289118723646
0.22987155009450713
0.23324642031379614
0.234375
0.23324642031379617
0.22987155009450713
0.22428289118723646
0.21653426543233284
0.20670029633164572
0.1948756903834091
0.1811743250068915
0.16572815184059708
0.14868592597585442
0.13021177336396927
0.11048361019359325
0.08969142946056795
0.06803547123151463
0.045724294222530146
0.022972767264740818
0.02450428508239015
0.04877258050403206
0.07257116931361558
0.09567085809127245
0.11784918420649941
0.13889255825490054
0.15859832104091137
0.17677669529663687
0.19325261334068425
0.2078674030756363
0.22048031608708873
0.23096988312782168
0.23923508393305223
0.2451963201008076
0.2487961816680492
0.25
0.24879618166804923
0.2451963201008076
0.23923508393305223
0.23096988312782168
0.22048031608708876
0.20786740307563636
0.19325261334068428
0.1767766952966369
0.15859832104091137
0.13889255825490054
0.11784918420649947
0.09567085809127247
0.0725711693136156
0.04877258050403215
0.024504285082390206
0.026035802900039536
0.05182086678553407
0.07710686739571655
0.10165028672197697
0.12521475821940561
0.14757334314583181
0.16851071610596832
0.18782523875267668
0.205330901674477
0.22085911576786357
0.23426033584253178
0.24540550082331053
0.254187276678868
0.2605210901071081
0.2643459430223023
0.265625
0.2643459430223023
0.2605210901071081
0.254187276678868
0.24540550082331053
0.2342603358425318
0.22085911576786363
0.20533090167447704
0.1878252387526767
0.16851071610596832
0.14757334314583181
0.12521475821940567
0.101650286721977
0.07710686739571657
0.05182086678553416
0.026035802900039595
0.02756732071768892
0.05486915306703607
0.08164256547781754
0.1076297153526815
0.13258033223231183
0.1562541280367631
0.1784231111710253
0.1988737822087165
0.21740919000826978
0.23385082846009084
0.24804035559797483
0.2598411185187994
0.26913946942468375
0.27584586011340856
0.27989570437655537
0.28125
0.27989570437655537
0.27584586011340856
0.26913946942468375
0.2598411185187994
0.24804035559797485
0.23385082846009092
0.2174091900082698
0.19887378220871652
0.1784231111710253
0.1562541280367631
0.1325803322323119
0.10762971535268154
0.08164256547781755
0.05486915306703617
0.027567320717688984
0.029098838535338303
0.057917439348538075
0.0861782635599185
0.11360914398338604
0.13994590624521805
0.1649349129276944
0.18833550623608225
0.20992232566475627
0.22948747834206254
0.24684254115231813
0.26182037535341784
0.2742767362142883
0.2840916621704995
0.291170630119709
0.29544546573080843
0.296875
0.2954454657308085
0.291170630119709
0.2840916621704995
0.2742767362142883
0.2618203753534179
0.24684254115231818
0.22948747834206257
0.2099223256647563
0.18833550623608225
0.1649349129276944
0.1399459062452181
0.11360914398338606
0.08617826355991852
0.05791743934853818
0.02909883853533837
0.03063035635298769
0.060965725630040074
0.09071396164201947
0.11958857261409056
0.14731148025812427
0.17361569781862568
0.19824790130113923
0.22097086912079608
0.2415657666758553
0.2598342538445454
0.2756003951088609
0.2887123539097771
0.2990438549163153
0.3064954001260095
0.3109952270850615
0.3125
0.31099522708506155
0.3064954001260095
0.2990438549163153
0.2887123539097771
0.275600395108861
0.25983425384454545
0.24156576667585533
0.2209708691207961
0.19824790130113923
0.17361569781862568
0.14731148025812432
0.11958857261409059
0.0907139616420195
0.06096572563004019
0.030630356352987758
0.032161874170637074
0.06401401191154209
0.09524965972412046
0.12556800124479509
0.15467705427103048
0.18229648270955695
0.20816029636619618
0.2320194125768359
0.2536440550096481
0.27282596653677266
0.289380414864304
0.30314797160526596
0.3139960476621311
0.32182017013231
0.32654498843931457
0.328125
0.3265449884393146
0.32182017013231
0.3139960476621311
0.30314797160526596
0.289380414864304
0.2728259665367727
0.2536440550096481
0.23201941257683592
0.20816029636619618
0.18229648270955695
0.15467705427103054
0.1255680012447951
0.09524965972412047
0.0640140119115422
0.03216187417063714
0.033693391988286456
0.06706229819304409
0.09978535780622143
0.1315474298754996
0.1620426282839367
0.19097726760048825
0.21807269143125313
0.24306795603287568
0.26572234334344086
0.2858176792289999
0.303160434619747
0.3175835893007548
0.32894824040794685
0.33714494013861046
0.34209474979356763
0.34375
0.3420947497935677
0.33714494013861046
0.32894824040794685
0.3175835893007548
0.30316043461974707
0.285817679229
0.26572234334344086
0.24306795603287573
0.21807269143125313
0.19097726760048825
0.16204262828393676
0.13154742987549964
0.09978535780622144
0.06706229819304421
0.03369339198828653
0.035224909805935845
0.07011058447454609
0.1043210558883224
0.13752685850620414
0.1694082022968429
0.19965805249141955
0.2279850864963101
0.2541164994889155
0.2778006316772336
0.2988093919212272
0.31694045437519003
0.33201920699624365
0.34390043315376256
0.3524697101449109
0.35764451114782075
0.359375
0.35764451114782075
0.3524697101449109
0.34390043315376256
0.33201920699624365
0.3169404543751901
0.2988093919212273
0.2778006316772336
0.2541164994889155
0.2279850864963101
0.19965805249141955
0.16940820229684297
0.1375268585062042
0.10432105588832243
0.07011058447454623
0.03522490980593592
0.036756427623585226
0.0731588707560481
0.10885675397042338
0.14350628713690866
0.1767737763097491
0.20833883738235082
0.23789748156136706
0.2651650429449553
0.2898789200110264
0.31180110461345445
0.3307204741306331
0.3464548246917325
0.35885262589957834
0.3677944801512114
0.3731942725020738
0.375
0.3731942725020738
0.3677944801512114
0.35885262589957834
0.3464548246917325
0.33072047413063316
0.31180110461345456
0.28987892001102644
0.26516504294495535
0.23789748156136706
0.20833883738235082
0.1767737763097492
0.14350628713690872
0.1088567539704234
0.07315887075604822
0.03675642762358531
0.03828794544123461
0.0762071570375501
0.11339245205252435
0.1494857157676132
0.18413935032265533
0.2170196222732821
0.247809876626424
0.2762135864009951
0.30195720834481915
0.3247928173056817
0.3445004938860762
0.3608904423872214
0.3738048186453941
0.3831192501575119
0.3887440338563269
0.390625
0.38874403385632694
0.3831192501575119
0.3738048186453941
0.3608904423872214
0.3445004938860762
0.3247928173056818
0.3019572083448192
0.27621358640099514
0.247809876626424
0.2170196222732821
0.1841393503226554
0.14948571576761324
0.11339245205252436
0.07620715703755024
0.0382879454412347
0.039819463258884
0.0792554433190521
0.11792815013462532
0.1554651443983177
0.19150492433556154
0.22570040716421338
0.257722271691481
0.2872621298570349
0.3140354966786119
0.337784529997909
0.3582805136415192
0.37532606008271024
0.3887570113912099
0.39844402016381236
0.40429379521057995
0.40625
0.40429379521058
0.39844402016381236
0.3887570113912099
0.37532606008271024
0.35828051364151925
0.3377845299979091
0.31403549667861197
0.287262129857035
0.257722271691481
0.22570040716421338
0.19150492433556163
0.15546514439831777
0.11792815013462535
0.07925544331905225
0.03981946325888409
0.04135098107653338
0.0823037296005541
0.12246384821672629
0.16144457302902226
0.19887049834846776
0.23438119205514468
0.26763466675653796
0.2983106733130747
0.3261137850124047
0.3507762426901363
0.3720605333969622
0.3897616777781991
0.40370920413702566
0.4137687901701128
0.419843556564833
0.421875
0.4198435565648331
0.4137687901701128
0.40370920413702566
0.3897616777781991
0.37206053339696227
0.35077624269013635
0.32611378501240473
0.29831067331307476
0.26763466675653796
0.23438119205514468
0.19887049834846784
0.1614445730290223
0.12246384821672632
0.08230372960055425
0.041350981076533476
0.04288249889418276
0.08535201588205611
0.12699954629882726
0.1674240016597268
0.20623607236137398
0.24306197694607595
0.2775470618215949
0.3093592167691145
0.33819207334619744
0.36376795538236356
0.3858405531524053
0.40419729547368793
0.41866139688284143
0.4290935601764133
0.4353933179190861
0.4375
0.43539331791908614
0.4290935601764133
0.41866139688284143
0.40419729547368793
0.38584055315240534
0.3637679553823636
0.3381920733461975
0.30935921676911454
0.2775470618215949
0.24306197694607595
0.20623607236137406
0.16742400165972682
0.1269995462988273
0.08535201588205626
0.04288249889418286
0.04441401671183215
0.08840030216355811
0.13153524438092826
0.17340343029043132
0.21360164637428017
0.2517427618370072
0.28745945688665187
0.3204077602251543
0.3502703616799902
0.3767596680745908
0.39962057290784836
0.4186329131691768
0.43361358962865715
0.4444183301827138
0.4509430792733392
0.453125
0.4509430792733392
0.4444183301827138
0.43361358962865715
0.4186329131691768
0.39962057290784836
0.37675966807459094
0.35027036167999026
0.3204077602251544
0.28745945688665187
0.2517427618370072
0.21360164637428028
0.17340343029043137
0.13153524438092826
0.08840030216355828
0.04441401671183225
0.04594553452948153
0.09144858844506011
0.13607094246302923
0.17938285892113584
0.22096722038718639
0.26042354672793855
0.29737185195170884
0.3314563036811941
0.36234865001378297
0.3897513807668181
0.4134005926632914
0.4330685308646657
0.4485657823744729
0.45974310018901426
0.4664928406275923
0.46875
0.46649284062759233
0.45974310018901426
0.4485657823744729
0.4330685308646657
0.41340059266329143
0.3897513807668182
0.362348650013783
0.33145630368119416
0.29737185195170884
0.26042354672793855
0.2209672203871865
0.1793828589211359
0.13607094246302925
0.09144858844506029
0.045945534529481635
0.04747705234713092
0.09449687472656212
0.1406066405451302
0.18536228755184037
0.2283327944000926
0.2691043316188698
0.30728424701676577
0.34250484713723395
0.37442693834757573
0.40274309345904535
0.4271806124187344
0.4475041485601545
0.4635179751202887
0.4750678701953147
0.48204260198184534
0.484375
0.4820426019818454
0.4750678701953147
0.4635179751202887
0.4475041485601545
0.42718061241873445
0.40274309345904546
0.3744269383475758
0.342504847137234
0.30728424701676577
0.2691043316188698
0.22833279440009271
0.18536228755184042
0.14060664054513022
0.09449687472656229
0.047477052347131024
0.0490085701647803
0.09754516100806412
0.14514233862723117
0.1913417161825449
0.23569836841299882
0.2777851165098011
0.31719664208182274
0.35355339059327373
0.3865052266813685
0.4157348061512726
0.44096063217417747
0.46193976625564337
0.47847016786610447
0.4903926402016152
0.4975923633360984
0.5
0.49759236333609846
0.4903926402016152
0.47847016786610447
0.46193976625564337
0.4409606321741775
0.41573480615127273
0.38650522668136855
0.3535533905932738
0.31719664208182274
0.2777851165098011
0.23569836841299893
0.19134171618254495
0.1451423386272312
0.0975451610080643
0.04900857016478041
0.050540087982429684
0.10059344728956612
0.14967803670933214
0.19732114481324942
0.24306394242590504
0.28646590140073236
0.3271090371468797
0.3646019340493135
0.39858351501516126
0.4287265188434999
0.45474065192962054
0.4763753839511322
0.49342236061192024
0.5057174102079157
0.5131421246903515
0.515625
0.5131421246903516
0.5057174102079157
0.49342236061192024
0.4763753839511322
0.4547406519296206
0.4287265188435
0.3985835150151613
0.36460193404931357
0.3271090371468797
0.28646590140073236
0.24306394242590515
0.19732114481324947
0.14967803670933216
0.10059344728956632
0.0505400879824298
0.05207160580007907
0.10364173357106814
0.1542137347914331
0.20330057344395394
0.25042951643881123
0.29514668629166363
0.33702143221193664
0.37565047750535335
0.410661803348954
0.44171823153572715
0.46852067168506356
0.49081100164662106
0.508374553357736
0.5210421802142162
0.5286918860446046
0.53125
0.5286918860446046
0.5210421802142162
0.508374553357736
0.49081100164662106
0.4685206716850636
0.44171823153572726
0.4106618033489541
0.3756504775053534
0.33702143221193664
0.29514668629166363
0.25042951643881134
0.203300573443954
0.15421373479143313
0.10364173357106832
0.05207160580007919
0.053603123617728454
0.10669001985257014
0.15874943287353407
0.20928000207465847
0.25779509045171745
0.30382747118259495
0.3469338272769936
0.38669902096139314
0.4227400916827468
0.4547099442279544
0.4823006914405066
0.5052466193421099
0.5233267461035518
0.5363669502205166
0.5442416473988576
0.546875
0.5442416473988577
0.5363669502205166
0.5233267461035518
0.5052466193421099
0.4823006914405067
0.4547099442279545
0.42274009168274684
0.3866990209613932
0.3469338272769936
0.30382747118259495
0.25779509045171756
0.20928000207465852
0.15874943287353413
0.10669001985257033
0.05360312361772858
0.05513464143537784
0.10973830613407214
0.16328513095563507
0.215259430705363
0.26516066446462366
0.3125082560735262
0.3568462223420506
0.397747564417433
0.43481838001653955
0.4677016569201817
0.49608071119594965
0.5196822370375987
0.5382789388493675
0.5516917202268171
0.5597914087531107
0.5625
0.5597914087531107
0.5516917202268171
0.5382789388493675
0.5196822370375987
0.4960807111959497
0.46770165692018184
0.4348183800165396
0.39774756441743303
0.3568462223420506
0.3125082560735262
0.2651606644646238
0.21525943070536308
0.1632851309556351
0.10973830613407234
0.05513464143537797
0.056666159253027225
0.11278659241557415
0.16782082903773604
0.22123885933606752
0.2725262384775299
0.3211890409644575
0.3667586174071075
0.40879610787347276
0.4468966683503323
0.48069336961240894
0.5098607309513927
0.5341178547330876
0.5532311315951833
0.5670164902331176
0.5753411701073637
0.578125
0.5753411701073639
0.5670164902331176
0.5532311315951833
0.5341178547330876
0.5098607309513927
0.4806933696124091
0.44689666835033237
0.4087961078734728
0.3667586174071075
0.3211890409644575
0.27252623847753
0.2212388593360676
0.16782082903773607
0.11278659241557436
0.05666615925302735
0.05819767707067661
0.11583487869707615
0.172356527119837
0.22721828796677207
0.2798918124904361
0.3298698258553888
0.3766710124721645
0.41984465132951254
0.4589749566841251
0.49368508230463626
0.5236407507068357
0.5485534724285765
0.568183324340999
0.582341260239418
0.5908909314616169
0.59375
0.590890931461617
0.582341260239418
0.568183324340999
0.5485534724285765
0.5236407507068358
0.49368508230463637
0.45897495668412513
0.4198446513295126
0.3766710124721645
0.3298698258553888
0.2798918124904362
0.22721828796677213
0.17235652711983704
0.11583487869707636
0.05819767707067674
0.059729194888325995
0.11888316497857815
0.17689222520193798
0.2331977165974766
0.2872573865033423
0.3385506107463201
0.3865834075372215
0.4308931947855524
0.47105324501791784
0.5066767949968635
0.5374207704622788
0.5629890901240654
0.5831355170868148
0.5976660302457185
0.60644069281587
0.609375
0.60644069281587
0.5976660302457185
0.5831355170868148
0.5629890901240654
0.5374207704622789
0.5066767949968637
0.4710532450179179
0.43089319478555244
0.3865834075372215
0.3385506107463201
0.2872573865033424
0.23319771659747665
0.176892225201938
0.11888316497857837
0.05972919488832613
0.06126071270597538
0.12193145126008015
0.18142792328403895
0.23917714522818112
0.29462296051624853
0.34723139563725136
0.39649580260227846
0.44194173824159216
0.4831315333517106
0.5196685076890908
0.5512007902177218
0.5774247078195542
0.5980877098326306
0.612990800252019
0.621990454170123
0.625
0.6219904541701231
0.612990800252019
0.5980877098326306
0.5774247078195542
0.551200790217722
0.5196685076890909
0.48313153335171066
0.4419417382415922
0.39649580260227846
0.34723139563725136
0.29462296051624864
0.23917714522818118
0.181427923284039
0.12193145126008038
0.061260712705975516
0.06279223052362476
0.12497973754158216
0.18596362136613992
0.24515657385888565
0.30198853452915475
0.35591218052818263
0.4064081976673354
0.45299028169763195
0.49520982168550337
0.532660220381318
0.5649808099731649
0.5918603255150431
0.6130399025784463
0.6283155702583195
0.6375402155243761
0.640625
0.6375402155243761
0.6283155702583195
0.6130399025784463
0.5918603255150431
0.5649808099731649
0.5326602203813182
0.4952098216855035
0.45299028169763206
0.4064081976673354
0.35591218052818263
0.30198853452915486
0.2451565738588857
0.18596362136613998
0.12497973754158238
0.0627922305236249
0.06432374834127415
0.12802802382308417
0.19049931944824092
0.25113600248959017
0.30935410854206097
0.3645929654191139
0.41632059273239236
0.4640388251536718
0.5072881100192962
0.5456519330735453
0.578760829728608
0.6062959432105319
0.6279920953242621
0.64364034026462
0.6530899768786291
0.65625
0.6530899768786292
0.64364034026462
0.6279920953242621
0.6062959432105319
0.578760829728608
0.5456519330735454
0.5072881100192962
0.46403882515367184
0.41632059273239236
0.3645929654191139
0.3093541085420611
0.2511360024895902
0.19049931944824094
0.1280280238230844
0.06432374834127429
0.06585526615892354
0.13107631010458617
0.1950350175303419
0.2571154311202947
0.3167196825549672
0.3732737503100452
0.42623298779744934
0.47508736860971157
0.519366398353089
0.5586436457657726
0.592540849484051
0.6207315609060208
0.6429442880700779
0.6589651102709204
0.6686397382328823
0.671875
0.6686397382328824
0.6589651102709204
0.6429442880700779
0.6207315609060208
0.5925408494840511
0.5586436457657727
0.519366398353089
0.4750873686097116
0.42623298779744934
0.3732737503100452
0.3167196825549673
0.2571154311202948
0.19503501753034191
0.1310763101045864
0.06585526615892368
0.06738678397657291
0.13412459638608817
0.19957071561244286
0.2630948597509992
0.3240852565678734
0.3819545352009765
0.43614538286250626
0.48613591206575135
0.5314446866868817
0.5716353584579998
0.606320869239494
0.6351671786015096
0.6578964808158937
0.6742898802772209
0.6841894995871353
0.6875
0.6841894995871354
0.6742898802772209
0.6578964808158937
0.6351671786015096
0.6063208692394941
0.571635358458
0.5314446866868817
0.48613591206575146
0.43614538286250626
0.3819545352009765
0.3240852565678735
0.2630948597509993
0.19957071561244288
0.13412459638608842
0.06738678397657306
0.0689183017942223
0.13717288266759017
0.20410641369454383
0.2690742883817038
0.33145083058077957
0.39063532009190777
0.44605777792756324
0.4971844555217912
0.5435229750206745
0.5846270711502272
0.6201008889949371
0.6496027962969985
0.6728486735617094
0.6896146502835214
0.6997392609413884
0.703125
0.6997392609413885
0.6896146502835214
0.6728486735617094
0.6496027962969985
0.6201008889949371
0.5846270711502273
0.5435229750206745
0.49718445552179125
0.44605777792756324
0.39063532009190777
0.33145083058077973
0.26907428838170383
0.20410641369454385
0.13717288266759042
0.06891830179422245
0.07044981961187169
0.14022116894909217
0.2086421117766448
0.27505371701240827
0.3388164045936858
0.3993161049828391
0.4559701729926202
0.508232998977831
0.5556012633544672
0.5976187838424544
0.6338809087503801
0.6640384139924873
0.6878008663075251
0.7049394202898218
0.7152890222956415
0.71875
0.7152890222956415
0.7049394202898218
0.6878008663075251
0.6640384139924873
0.6338809087503802
0.5976187838424546
0.5556012633544672
0.508232998977831
0.4559701729926202
0.3993161049828391
0.33881640459368595
0.2750537170124084
0.20864211177664485
0.14022116894909245
0.07044981961187184
0.07198133742952106
0.14326945523059417
0.21317780985874576
0.2810331456431128
0.346181978606592
0.40799688987377036
0.46588256805767714
0.5192815424338708
0.56767955168826
0.6106104965346817
0.6476609285058231
0.6784740316879762
0.702753059053341
0.7202641902961223
0.7308387836498945
0.734375
0.7308387836498946
0.7202641902961223
0.702753059053341
0.6784740316879762
0.6476609285058232
0.6106104965346818
0.56767955168826
0.5192815424338709
0.46588256805767714
0.40799688987377036
0.34618197860659217
0.2810331456431129
0.21317780985874582
0.14326945523059445
0.07198133742952123
0.07351285524717045
0.1463177415120962
0.21771350794084676
0.2870125742738173
0.3535475526194982
0.41667767476470163
0.4757949631227341
0.5303300858899106
0.5797578400220528
0.6236022092269089
0.6614409482612662
0.692909649383465
0.7177052517991567
0.7355889603024228
0.7463885450041476
0.75
0.7463885450041476
0.7355889603024228
0.7177052517991567
0.692909649383465
0.6614409482612663
0.6236022092269091
0.5797578400220529
0.5303300858899107
0.4757949631227341
0.41667767476470163
0.3535475526194984
0.28701257427381743
0.2177135079408468
0.14631774151209645
0.07351285524717062
0.07504437306481984
0.1493660277935982
0.22224920602294773
0.2929920029045219
0.36091312663240444
0.4253584596556329
0.4857073581877911
0.5413786293459504
0.5918361283558455
0.6365939219191362
0.6752209680167093
0.707345267078954
0.7326574445449725
0.7509137303087233
0.7619383063584007
0.765625
0.7619383063584008
0.7509137303087233
0.7326574445449725
0.707345267078954
0.6752209680167094
0.6365939219191363
0.5918361283558456
0.5413786293459505
0.4857073581877911
0.4253584596556329
0.3609131266324046
0.29299200290452193
0.22224920602294776
0.14936602779359848
0.07504437306482001
0.07657589088246922
0.1524143140751002
0.2267849041050487
0.2989714315352264
0.36827870064531065
0.4340392445465642
0.495619753252848
0.5524271728019902
0.6039144166896383
0.6495856346113634
0.6890009877721524
0.7217808847744428
0.7476096372907882
0.7662385003150238
0.7774880677126538
0.78125
0.7774880677126539
0.7662385003150238
0.7476096372907882
0.7217808847744428
0.6890009877721524
0.6495856346113636
0.6039144166896384
0.5524271728019903
0.495619753252848
0.4340392445465642
0.3682787006453108
0.2989714315352265
0.22678490410504873
0.15241431407510048
0.0765758908824694
0.0781074087001186
0.1554626003566022
0.23132060218714967
0.3049508601659309
0.37564427465821687
0.4427200294374955
0.505532148317905
0.5634757162580301
0.6159927050234311
0.6625773473035907
0.7027810075275953
0.7362165024699316
0.762561830036604
0.7815632703213242
0.7930378290669068
0.796875
0.7930378290669069
0.7815632703213242
0.762561830036604
0.7362165024699316
0.7027810075275954
0.6625773473035909
0.6159927050234312
0.5634757162580301
0.505532148317905
0.4427200294374955
0.37564427465821704
0.304950860165931
0.23132060218714973
0.15546260035660248
0.07810740870011879
0.079638926517768
0.1585108866381042
0.23585630026925064
0.3109302887966354
0.3830098486711231
0.45140081432842677
0.515444543382962
0.5745242597140698
0.6280709933572238
0.675569059995818
0.7165610272830384
0.7506521201654205
0.7775140227824198
0.7968880403276247
0.8085875904211599
0.8125
0.80858759042116
0.7968880403276247
0.7775140227824198
0.7506521201654205
0.7165610272830385
0.6755690599958182
0.6280709933572239
0.57452425971407
0.515444543382962
0.45140081432842677
0.38300984867112325
0.31093028879663553
0.2358563002692507
0.1585108866381045
0.07963892651776817
0.08117044433541737
0.1615591729196062
0.2403919983513516
0.31690971742734
0.3903754226840293
0.46008159921935804
0.5253569384480189
0.5855728031701096
0.6401492816910166
0.6885607726880453
0.7303410470384815
0.7650877378609093
0.7924662155282355
0.8122128103339252
0.824137351775413
0.828125
0.824137351775413
0.8122128103339252
0.7924662155282355
0.7650877378609093
0.7303410470384816
0.6885607726880455
0.6401492816910167
0.5855728031701097
0.5253569384480189
0.46008159921935804
0.39037542268402947
0.3169097174273401
0.24039199835135167
0.1615591729196065
0.08117044433541756
0.08270196215306676
0.1646074592011082
0.24492769643345258
0.32288914605804453
0.3977409966969355
0.46876238411028937
0.5352693335130759
0.5966213466261494
0.6522275700248094
0.7015524853802726
0.7441210667939244
0.7795233555563982
0.8074184082740513
0.8275375803402256
0.839687113129666
0.84375
0.8396871131296662
0.8275375803402256
0.8074184082740513
0.7795233555563982
0.7441210667939245
0.7015524853802727
0.6522275700248095
0.5966213466261495
0.5352693335130759
0.46876238411028937
0.3977409966969357
0.3228891460580446
0.24492769643345264
0.1646074592011085
0.08270196215306695
0.08423347997071615
0.16765574548261022
0.24946339451555358
0.328868574688749
0.40510657070984174
0.47744316900122064
0.5451817285781329
0.6076698900821892
0.6643058583586021
0.7145441980724998
0.7579010865493675
0.793958973251887
0.822370601019867
0.8428623503465261
0.8552368744839192
0.859375
0.8552368744839193
0.8428623503465261
0.822370601019867
0.793958973251887
0.7579010865493676
0.7145441980725
0.6643058583586022
0.6076698900821893
0.5451817285781329
0.47744316900122064
0.4051065707098419
0.32886857468874914
0.2494633945155536
0.16765574548261053
0.08423347997071634
0.08576499778836552
0.17070403176411222
0.2539990925976545
0.3348480033194536
0.41247214472274796
0.4861239538921519
0.5550941236431898
0.618718433538229
0.6763841466923949
0.7275359107647271
0.7716811063048106
0.8083945909473759
0.8373227937656829
0.8581871203528266
0.8707866358381722
0.875
0.8707866358381723
0.8581871203528266
0.8373227937656829
0.8083945909473759
0.7716811063048107
0.7275359107647272
0.676384146692395
0.6187184335382291
0.5550941236431898
0.4861239538921519
0.4124721447227481
0.33484800331945364
0.2539990925976546
0.17070403176411253
0.08576499778836572
0.08729651560601491
0.17375231804561422
0.2585347906797555
0.3408274319501581
0.4198377187356542
0.4948047387830832
0.5650065187082468
0.6297669769942689
0.6884624350261876
0.7405276234569543
0.7854611260602536
0.8228302086428647
0.8522749865114986
0.8735118903591271
0.8863363971924253
0.890625
0.8863363971924254
0.8735118903591271
0.8522749865114986
0.8228302086428647
0.7854611260602538
0.7405276234569546
0.6884624350261878
0.629766976994269
0.5650065187082468
0.4948047387830832
0.41983771873565434
0.3408274319501582
0.25853479067975554
0.17375231804561453
0.0872965156060151
0.0888280334236643
0.17680060432711622
0.2630704887618565
0.34680686058086263
0.42720329274856034
0.5034855236740144
0.5749189137733037
0.6408155204503087
0.7005407233599804
0.7535193361491817
0.7992411458156967
0.8372658263383536
0.8672271792573143
0.8888366603654276
0.9018861585466784
0.90625
0.9018861585466784
0.8888366603654276
0.8672271792573143
0.8372658263383536
0.7992411458156967
0.7535193361491819
0.7005407233599805
0.6408155204503088
0.5749189137733037
0.5034855236740144
0.42720329274856056
0.34680686058086274
0.2630704887618565
0.17680060432711656
0.0888280334236645
0.09035955124131369
0.17984889060861822
0.2676061868439575
0.35278628921156713
0.43456886676146655
0.5121663085649457
0.5848313088383607
0.6518640639063484
0.7126190116937732
0.7665110488414089
0.8130211655711397
0.8517014440338425
0.8821793720031301
0.904161430371728
0.9174359199009314
0.921875
0.9174359199009315
0.904161430371728
0.8821793720031301
0.8517014440338425
0.8130211655711398
0.7665110488414091
0.7126190116937733
0.6518640639063485
0.5848313088383607
0.5121663085649457
0.4345688667614668
0.35278628921156724
0.26760618684395754
0.17984889060861856
0.09035955124131388
0.09189106905896306
0.18289717689012022
0.27214188492605845
0.3587657178422717
0.44193444077437277
0.5208470934558771
0.5947437039034177
0.6629126073623882
0.7246973000275659
0.7795027615336362
0.8268011853265828
0.8661370617293314
0.8971315647489458
0.9194862003780285
0.9329856812551846
0.9375
0.9329856812551847
0.9194862003780285
0.8971315647489458
0.8661370617293314
0.8268011853265829
0.7795027615336364
0.724697300027566
0.6629126073623883
0.5947437039034177
0.5208470934558771
0.441934440774373
0.3587657178422718
0.2721418849260585
0.18289717689012058
0.09189106905896327
0.09342258687661245
0.18594546317162225
0.2766775830081594
0.3647451464729762
0.449300014787279
0.5295278783468084
0.6046560989684746
0.673961150818428
0.7367755883613587
0.7924944742258634
0.8405812050820258
0.8805726794248202
0.9120837574947617
0.934810970384329
0.9485354426094376
0.953125
0.9485354426094377
0.934810970384329
0.9120837574947617
0.8805726794248202
0.8405812050820259
0.7924944742258636
0.7367755883613588
0.6739611508184281
0.6046560989684746
0.5295278783468084
0.4493000147872792
0.3647451464729763
0.2766775830081595
0.18594546317162258
0.09342258687661266
0.09495410469426184
0.18899374945312425
0.2812132810902604
0.37072457510368073
0.4566655888001852
0.5382086632377396
0.6145684940335315
0.6850096942744679
0.7488538766951515
0.8054861869180907
0.8543612248374688
0.895008297120309
0.9270359502405774
0.9501357403906294
0.9640852039636907
0.96875
0.9640852039636908
0.9501357403906294
0.9270359502405774
0.895008297120309
0.8543612248374689
0.8054861869180909
0.7488538766951516
0.685009694274468
0.6145684940335315
0.5382086632377396
0.45666558880018543
0.37072457510368084
0.28121328109026045
0.18899374945312458
0.09495410469426205
0.09648562251191121
0.19204203573462625
0.28574897917236136
0.37670400373438523
0.4640311628130914
0.5468894481286709
0.6244808890985886
0.6960582377305077
0.7609321650289442
0.8184778996103179
0.8681412445929119
0.9094439148157979
0.9419881429863932
0.9654605103969299
0.9796349653179437
0.984375
0.9796349653179438
0.9654605103969299
0.9419881429863932
0.9094439148157979
0.868141244592912
0.8184778996103181
0.7609321650289443
0.6960582377305078
0.6244808890985886
0.5468894481286709
0.46403116281309165
0.37670400373438534
0.2857489791723614
0.1920420357346266
0.09648562251191144
0.0980171403295606
0.19509032201612825
0.29028467725446233
0.3826834323650898
0.47139673682599764
0.5555702330196022
0.6343932841636455
0.7071067811865475
0.773010453362737
0.8314696123025452
0.8819212643483549
0.9238795325112867
0.9569403357322089
0.9807852804032304
0.9951847266721968
1.0
0.9951847266721969
0.9807852804032304
0.9569403357322089
0.9238795325112867
0.881921264348355
0.8314696123025455
0.7730104533627371
0.7071067811865476
0.6343932841636455
0.5555702330196022
0.47139673682599786
0.3826834323650899
0.2902846772544624
0.1950903220161286
0.09801714032956083
