3.13358e-39
0.015626599999999997
0.0312547
0.0468839
0.062514
0.0781448
0.0937763
0.10940799999999999
0.12503399999999998
0.140647
0.156246
0.171827
0.187389
0.202932
0.218454
0.23395700000000003
0.24944000000000002
0.264905
0.280354
0.29579099999999997
0.311214
0.326619
0.342007
0.357383
0.372751
0.388117
0.403488
0.41886999999999996
0.434263
0.44965600000000006
0.465046
0.48044
0.49583900000000003
0.5112399999999999
0.526642
0.542049
0.5574720000000001
0.572919
0.588384
0.603851
0.619321
0.634826
0.6503909999999999
0.666007
0.681645
0.697296
0.712961
0.728633
0.74431
0.759999
0.77571
0.791463
0.807275
0.823155
0.839097
0.85508
0.8710680000000001
0.8870040000000001
0.902863
0.9186850000000001
0.9344870000000001
0.9502860000000001
0.966088
0.9818819999999999
0.9976450000000001
