 2.56131e-39
  -7.952e-40
 2.13148e-39
 2.24699e-39
 3.09934e-39
-2.27716e-39
-1.24062e-39
 2.01953e-39
-1.67316e-39
 4.06346e-40
-1.70181e-40
 9.70281e-40
-1.01805e-39
 1.00898e-40
 3.40488e-39
 3.13358e-39
 1.02179e-39
 1.63605e-39
-2.69841e-39
 8.05379e-40
-3.64182e-39
-1.93583e-39
-2.73132e-39
 2.29018e-39
 -2.5849e-39
  -7.458e-40
-2.78735e-39
-2.94532e-39
 3.75645e-39
-2.12127e-39
 9.73692e-41
  0.00153168
  0.00304861
  0.00453618
  0.00598007
  0.00736636
  0.00868171
  0.00991345
   0.0110497
   0.0120796
   0.0129931
   0.0137815
   0.0144371
   0.0149538
   0.0153264
   0.0155514
   0.0156266
   0.0155514
   0.0153264
   0.0149538
   0.0144371
   0.0137815
   0.0129931
   0.0120796
   0.0110497
  0.00991345
  0.00868171
  0.00736636
  0.00598006
  0.00453618
  0.00304861
  0.00153168
   0.0030635
   0.0060975
  0.00907277
   0.0119607
   0.0147334
   0.0173642
   0.0198278
   0.0221004
   0.0241602
   0.0259873
   0.0275642
   0.0288756
   0.0299089
   0.0306541
   0.0311042
   0.0312547
   0.0311042
   0.0306542
   0.0299089
   0.0288756
   0.0275642
   0.0259873
   0.0241602
   0.0221004
   0.0198278
   0.0173642
   0.0147334
   0.0119607
  0.00907277
   0.0060975
   0.0030635
  0.00459544
  0.00914662
   0.0136097
   0.0179417
    0.022101
   0.0260473
   0.0297429
    0.033152
   0.0362418
   0.0389826
   0.0413479
   0.0433151
   0.0448651
    0.045983
   0.0466581
   0.0468839
   0.0466581
    0.045983
   0.0448651
   0.0433151
   0.0413479
   0.0389826
   0.0362418
    0.033152
   0.0297429
   0.0260473
    0.022101
   0.0179417
   0.0136097
  0.00914662
  0.00459544
  0.00612747
   0.0121959
   0.0181469
   0.0239232
    0.029469
    0.034731
   0.0396586
   0.0442042
    0.048324
   0.0519785
   0.0551325
   0.0577554
   0.0598222
   0.0613128
   0.0622129
    0.062514
   0.0622129
   0.0613128
   0.0598222
   0.0577554
   0.0551325
   0.0519785
   0.0483241
   0.0442042
   0.0396586
    0.034731
    0.029469
   0.0239232
   0.0181469
   0.0121959
  0.00612747
  0.00765958
   0.0152454
   0.0226844
   0.0299049
   0.0368374
   0.0434151
   0.0495747
   0.0552569
   0.0604069
   0.0649752
   0.0689177
   0.0721965
     0.07478
   0.0766433
   0.0777685
   0.0781448
   0.0777685
   0.0766433
     0.07478
   0.0721965
   0.0689177
   0.0649752
   0.0604069
   0.0552569
   0.0495748
   0.0434151
   0.0368374
   0.0299049
   0.0226844
   0.0152454
  0.00765958
  0.00919176
    0.018295
    0.027222
   0.0358869
   0.0442061
   0.0520996
   0.0594913
   0.0663101
   0.0724903
   0.0779723
   0.0827035
   0.0866381
   0.0897384
   0.0919744
   0.0933247
   0.0937763
   0.0933247
   0.0919744
   0.0897383
    0.086638
   0.0827034
   0.0779723
   0.0724903
   0.0663101
   0.0594913
   0.0520996
   0.0442061
   0.0358869
    0.027222
    0.018295
  0.00919176
    0.010724
   0.0213447
   0.0317598
    0.041869
    0.051575
   0.0607843
   0.0694082
   0.0773636
    0.084574
   0.0909698
   0.0964895
     0.10108
    0.104697
    0.107306
    0.108881
    0.109408
    0.108881
    0.107306
    0.104697
     0.10108
   0.0964894
   0.0909697
   0.0845738
   0.0773635
   0.0694081
   0.0607843
    0.051575
    0.041869
   0.0317598
   0.0213447
    0.010724
   0.0122561
   0.0243942
   0.0362973
   0.0478509
   0.0589435
   0.0694684
   0.0793243
   0.0884161
   0.0966563
    0.103966
    0.110273
    0.115519
    0.119652
    0.122633
    0.124432
    0.125034
    0.124432
    0.122633
    0.119652
    0.115519
    0.110273
    0.103965
   0.0966562
    0.088416
   0.0793242
   0.0694684
   0.0589435
   0.0478508
   0.0362973
   0.0243942
   0.0122561
   0.0137879
   0.0274431
   0.0408338
   0.0538312
     0.06631
     0.07815
   0.0892371
   0.0994645
    0.108734
    0.116955
     0.12405
    0.129949
    0.134596
    0.137947
    0.139971
    0.140647
    0.139971
    0.137947
    0.134596
    0.129949
     0.12405
    0.116955
    0.108734
   0.0994646
   0.0892372
     0.07815
     0.06631
   0.0538312
   0.0408338
   0.0274431
    0.013788
    0.015319
   0.0304905
   0.0453681
   0.0598085
   0.0736726
   0.0868267
    0.099144
    0.110506
    0.120803
    0.129935
    0.137815
    0.144366
    0.149526
    0.153247
    0.155494
    0.156246
    0.155494
    0.153247
    0.149526
    0.144366
    0.137815
    0.129935
    0.120803
    0.110506
   0.0991441
   0.0868268
   0.0736727
   0.0598086
   0.0453681
   0.0304905
   0.0153191
   0.0168491
   0.0335357
    0.049899
   0.0657814
   0.0810295
   0.0954964
    0.109043
    0.121537
     0.13286
    0.142902
    0.151565
    0.158767
     0.16444
    0.168531
    0.171001
    0.171827
    0.171001
    0.168531
     0.16444
    0.158767
    0.151565
    0.142902
     0.13286
    0.121538
    0.109043
   0.0954966
   0.0810296
   0.0657815
   0.0498991
   0.0335358
   0.0168491
   0.0183777
   0.0365782
   0.0544259
   0.0717487
   0.0883795
    0.104158
    0.118931
    0.132557
    0.144905
    0.155853
    0.165299
    0.173151
    0.179336
    0.183796
    0.186489
    0.187389
    0.186489
    0.183796
    0.179336
    0.173151
    0.165299
    0.155854
    0.144905
    0.132558
    0.118931
    0.104158
   0.0883796
   0.0717488
    0.054426
   0.0365783
   0.0183777
   0.0199049
   0.0396177
   0.0589482
   0.0777099
   0.0957217
     0.11281
    0.128809
    0.143565
    0.156935
     0.16879
    0.179016
    0.187517
    0.194213
    0.199042
    0.201957
    0.202932
    0.201957
    0.199042
    0.194213
    0.187517
    0.179016
     0.16879
    0.156935
    0.143565
    0.128809
     0.11281
   0.0957216
   0.0777098
   0.0589481
   0.0396176
   0.0199048
   0.0214304
   0.0426538
   0.0634656
   0.0836645
    0.103056
    0.121452
    0.138675
     0.15456
    0.168951
     0.18171
    0.192716
    0.201866
    0.209072
    0.214268
    0.217405
    0.218454
    0.217405
    0.214268
    0.209072
    0.201865
    0.192716
     0.18171
    0.168951
    0.154559
    0.138675
    0.121452
    0.103056
   0.0836644
   0.0634654
   0.0426537
   0.0214303
   0.0229541
   0.0456866
   0.0679777
   0.0896123
    0.110381
    0.130084
     0.14853
     0.16554
    0.180951
    0.194614
    0.206399
    0.216195
    0.223911
    0.229475
    0.232834
    0.233957
    0.232834
    0.229475
    0.223911
    0.216195
    0.206398
    0.194613
     0.18095
     0.16554
    0.148529
    0.130083
    0.110381
   0.0896119
   0.0679774
   0.0456863
    0.022954
   0.0244761
   0.0487158
   0.0724846
    0.095553
    0.117698
    0.138705
    0.158372
    0.176507
    0.192936
    0.207501
    0.220064
    0.230507
    0.238732
    0.244662
    0.248243
     0.24944
    0.248242
    0.244662
    0.238731
    0.230506
    0.220063
      0.2075
    0.192936
    0.176507
    0.158371
    0.138705
    0.117697
   0.0955525
   0.0724842
   0.0487155
    0.024476
   0.0259966
   0.0517418
   0.0769868
    0.101488
    0.125007
    0.147318
    0.168204
    0.187463
    0.204908
    0.220374
    0.233713
    0.244802
    0.253535
    0.259832
    0.263633
    0.264905
    0.263633
    0.259832
    0.253535
    0.244801
    0.233713
    0.220373
    0.204907
    0.187462
    0.168203
    0.147317
    0.125006
    0.101487
   0.0769865
   0.0517416
   0.0259964
   0.0275156
   0.0547652
    0.081485
    0.107417
    0.132309
    0.155922
    0.178026
    0.198408
    0.216869
    0.233234
     0.24735
    0.259083
    0.268324
    0.274987
    0.279009
    0.280354
    0.279009
    0.274987
    0.268324
    0.259083
     0.24735
    0.233234
    0.216868
    0.198407
    0.178026
    0.155922
    0.132309
    0.107416
   0.0814847
    0.054765
   0.0275156
   0.0290336
   0.0577863
   0.0859798
    0.113341
    0.139606
     0.16452
    0.187841
    0.209343
     0.22882
    0.246085
    0.260976
    0.273353
    0.283101
    0.290129
    0.294372
    0.295791
    0.294372
    0.290129
    0.283101
    0.273352
    0.260975
    0.246084
    0.228819
    0.209343
     0.18784
    0.164519
    0.139605
    0.113341
   0.0859794
    0.057786
   0.0290335
   0.0305502
   0.0608047
   0.0904706
    0.119261
    0.146896
     0.17311
    0.197646
    0.220269
    0.240759
    0.258923
    0.274588
    0.287609
    0.297864
    0.305258
    0.309721
    0.311214
    0.309721
    0.305257
    0.297864
    0.287609
    0.274588
    0.258922
    0.240758
    0.220268
    0.197646
    0.173109
    0.146895
     0.11926
   0.0904701
   0.0608043
     0.03055
   0.0320652
     0.06382
   0.0949567
    0.125174
    0.154179
     0.18169
    0.207442
    0.231183
    0.252686
    0.271747
    0.288186
     0.30185
    0.312611
    0.320369
    0.325053
    0.326619
    0.325053
    0.320369
     0.31261
    0.301849
    0.288185
    0.271746
    0.252685
    0.231181
     0.20744
    0.181689
    0.154177
    0.125173
   0.0949557
   0.0638193
   0.0320649
   0.0335786
   0.0668319
   0.0994378
     0.13108
    0.161453
    0.190261
    0.217226
    0.242085
      0.2646
    0.284557
    0.301769
    0.316075
    0.327342
    0.335464
    0.340368
    0.342007
    0.340367
    0.335464
    0.327341
    0.316074
    0.301767
    0.284555
    0.264598
    0.242083
    0.217224
    0.190259
    0.161451
    0.131079
   0.0994365
    0.066831
   0.0335781
   0.0350906
   0.0698413
    0.103915
    0.136982
    0.168721
    0.198825
    0.227002
    0.252978
    0.276503
    0.297356
    0.315341
    0.330288
     0.34206
    0.350547
     0.35567
    0.357383
    0.355669
    0.350546
    0.342059
    0.330287
    0.315339
    0.297354
    0.276501
    0.252975
    0.226999
    0.198823
    0.168719
     0.13698
    0.103914
   0.0698403
   0.0350902
   0.0366019
   0.0728491
     0.10839
     0.14288
    0.175986
    0.207385
    0.236773
    0.263865
    0.288401
    0.310149
    0.328905
    0.344494
    0.356771
    0.365622
    0.370965
    0.372751
    0.370964
    0.365621
     0.35677
    0.344493
    0.328904
    0.310147
    0.288399
    0.263862
    0.236771
    0.207383
    0.175984
    0.142879
    0.108389
   0.0728482
   0.0366015
   0.0381129
   0.0758562
    0.112864
    0.148778
    0.183249
    0.215943
    0.246542
     0.27475
    0.300296
     0.32294
    0.342468
    0.358698
    0.371479
    0.380694
    0.386257
    0.388117
    0.386256
    0.380693
    0.371478
    0.358697
    0.342466
    0.322938
    0.300294
    0.274748
     0.24654
    0.215941
    0.183247
    0.148776
    0.112863
   0.0758554
   0.0381125
   0.0396242
   0.0788642
    0.117339
    0.154677
    0.190514
    0.224503
    0.256314
    0.285638
    0.312195
    0.335734
    0.356035
    0.372906
    0.386193
    0.395772
    0.401554
    0.403488
    0.401554
    0.395771
    0.386192
    0.372905
    0.356033
    0.335733
    0.312194
    0.285636
    0.256312
    0.224501
    0.190512
    0.154675
    0.117338
   0.0788636
   0.0396239
   0.0411366
   0.0818743
    0.121818
     0.16058
    0.197784
    0.233069
    0.266093
    0.296534
    0.324103
    0.348538
    0.369611
    0.387125
    0.400918
    0.410861
    0.416863
     0.41887
    0.416863
     0.41086
    0.400917
    0.387124
     0.36961
    0.348537
    0.324102
    0.296533
    0.266091
    0.233068
    0.197783
    0.160579
    0.121817
   0.0818737
   0.0411364
   0.0426499
    0.084886
    0.126299
    0.166486
    0.205058
     0.24164
    0.275877
    0.307437
    0.336018
     0.36135
    0.383197
    0.401353
    0.415652
    0.425959
    0.432182
    0.434263
    0.432182
    0.425959
    0.415651
    0.401353
    0.383196
    0.361349
    0.336017
    0.307436
    0.275876
    0.241639
    0.205057
    0.166485
    0.126298
   0.0848855
   0.0426496
    0.044163
   0.0878975
    0.130779
    0.172392
    0.212332
    0.250211
    0.285662
     0.31834
    0.347933
    0.374163
    0.396783
    0.415582
    0.430386
    0.441059
    0.447502
    0.449656
    0.447501
    0.441058
    0.430385
    0.415581
    0.396782
    0.374162
    0.347932
    0.318338
    0.285661
     0.25021
    0.212331
    0.172391
    0.130779
   0.0878971
   0.0441628
   0.0456757
   0.0909081
    0.135258
    0.178296
    0.219604
     0.25878
    0.295444
    0.329239
    0.359845
    0.386972
    0.410366
    0.429808
    0.445118
    0.456155
    0.462819
    0.465046
    0.462818
    0.456155
    0.445117
    0.429807
    0.410364
    0.386971
    0.359844
    0.329238
    0.295442
    0.258778
    0.219603
    0.178295
    0.135258
   0.0909076
   0.0456754
   0.0471884
   0.0939188
    0.139738
    0.184201
    0.226876
    0.267349
    0.305226
    0.340141
    0.371759
    0.399783
     0.42395
    0.444036
    0.459852
    0.471255
    0.478138
     0.48044
    0.478138
    0.471254
    0.459851
    0.444034
    0.423949
    0.399782
    0.371757
    0.340139
    0.305225
    0.267347
    0.226874
      0.1842
    0.139737
   0.0939182
   0.0471881
   0.0487014
   0.0969301
    0.144218
    0.190107
     0.23415
     0.27592
    0.315012
    0.351045
    0.383676
    0.412599
     0.43754
    0.458269
    0.474592
     0.48636
    0.493464
    0.495839
    0.493463
    0.486359
    0.474591
    0.458267
    0.437538
    0.412597
    0.383674
    0.351043
     0.31501
    0.275918
    0.234148
    0.190105
    0.144217
   0.0969294
    0.048701
   0.0502143
   0.0999413
    0.148698
    0.196012
    0.241424
    0.284491
    0.324797
     0.36195
    0.395595
    0.425415
    0.451131
    0.472503
    0.489334
    0.501467
    0.508791
     0.51124
    0.508791
    0.501466
    0.489332
    0.472502
    0.451129
    0.425413
    0.395592
    0.361947
    0.324795
    0.284489
    0.241422
    0.196011
    0.148697
   0.0999404
   0.0502139
    0.051727
    0.102952
    0.153178
    0.201917
    0.248696
    0.293062
    0.334582
    0.372853
    0.407512
    0.438231
    0.464722
    0.486738
    0.504076
    0.516574
    0.524119
    0.526642
    0.524119
    0.516573
    0.504074
    0.486736
     0.46472
    0.438229
     0.40751
    0.372851
    0.334579
    0.293059
    0.248694
    0.201915
    0.153176
    0.102951
   0.0517265
   0.0532398
    0.105963
    0.157658
    0.207822
     0.25597
    0.301633
    0.344368
     0.38376
    0.419433
    0.451051
    0.478317
    0.500977
    0.518822
    0.531687
    0.539453
    0.542049
    0.539452
    0.531686
    0.518821
    0.500975
    0.478315
    0.451048
     0.41943
    0.383757
    0.344365
     0.30163
    0.255968
     0.20782
    0.157656
    0.105962
   0.0532392
   0.0547537
    0.108976
    0.162141
    0.213732
     0.26325
    0.310212
    0.354163
    0.394675
    0.431364
    0.463882
    0.491925
    0.515231
    0.533584
    0.546815
    0.554802
    0.557472
    0.554801
    0.546813
    0.533582
    0.515228
    0.491922
    0.463879
    0.431361
    0.394672
     0.35416
    0.310209
    0.263247
     0.21373
    0.162139
    0.108975
   0.0547531
   0.0562696
    0.111993
     0.16663
     0.21965
    0.270539
    0.318802
    0.363971
    0.405606
    0.443312
    0.476732
    0.505553
    0.529505
    0.548368
    0.561966
    0.570175
    0.572919
    0.570174
    0.561965
    0.548366
    0.529503
     0.50555
     0.47673
    0.443309
    0.405603
    0.363968
    0.318799
    0.270536
    0.219648
    0.166628
    0.111992
    0.056269
   0.0577867
    0.115013
    0.171123
    0.225573
    0.277834
      0.3274
    0.373788
    0.416548
    0.455273
    0.489596
    0.519196
    0.543796
    0.563169
    0.577134
    0.585566
    0.588384
    0.585565
    0.577133
    0.563167
    0.543794
    0.519194
    0.489594
     0.45527
    0.416546
    0.373785
    0.327397
    0.277832
    0.225571
    0.171121
    0.115012
   0.0577861
   0.0593035
    0.118032
    0.175615
    0.231495
    0.285129
    0.335996
    0.383604
     0.42749
    0.467234
     0.50246
    0.532839
    0.558088
    0.577971
    0.592305
    0.600958
    0.603851
    0.600957
    0.592303
    0.577969
    0.558086
    0.532837
    0.502458
    0.467231
    0.427487
    0.383601
    0.335994
    0.285126
    0.231493
    0.175613
    0.118031
   0.0593029
   0.0608201
     0.12105
    0.180107
    0.237416
    0.292423
    0.344593
    0.393421
    0.438432
    0.479195
    0.515326
    0.546485
    0.572382
    0.592776
    0.607478
    0.616354
    0.619321
    0.616353
    0.607477
    0.592774
     0.57238
    0.546483
    0.515323
    0.479192
    0.438429
    0.393418
     0.34459
     0.29242
    0.237414
    0.180105
    0.121049
   0.0608195
   0.0623397
    0.124075
    0.184607
    0.243349
    0.299732
    0.353207
    0.403258
    0.449397
    0.491182
     0.52822
    0.560161
    0.586708
    0.607614
    0.622685
    0.631784
    0.634826
    0.631783
    0.622684
    0.607612
    0.586705
    0.560158
    0.528216
    0.491179
    0.449393
    0.403254
    0.353204
    0.299729
    0.243347
    0.184605
    0.124074
    0.062339
   0.0638646
     0.12711
    0.189123
    0.249303
    0.307066
    0.361852
     0.41313
    0.460402
    0.503214
    0.541162
    0.573889
    0.601089
    0.622509
    0.637952
    0.647275
    0.650391
    0.647274
     0.63795
    0.622507
    0.601086
    0.573885
    0.541158
     0.50321
    0.460398
    0.413126
    0.361849
    0.307063
      0.2493
    0.189121
    0.127109
   0.0638638
   0.0653936
    0.130154
    0.193652
    0.255274
    0.314422
    0.370522
    0.423031
     0.47144
    0.515282
    0.554143
    0.587659
    0.615514
    0.637451
    0.653267
    0.662814
    0.666007
    0.662814
    0.653265
    0.637449
    0.615512
    0.587655
     0.55414
    0.515278
    0.471436
    0.423027
    0.370519
    0.314418
    0.255271
     0.19365
    0.130152
   0.0653929
   0.0669243
      0.1332
    0.198186
    0.261251
    0.321785
    0.379202
    0.432944
    0.482491
    0.527366
    0.567142
    0.601448
     0.62996
    0.652415
    0.668604
    0.678377
    0.681645
    0.678376
    0.668603
    0.652413
    0.629958
    0.601445
    0.567139
    0.527362
    0.482488
    0.432941
    0.379199
    0.321783
    0.261249
    0.198184
    0.133199
   0.0669236
   0.0684556
    0.136248
    0.202721
    0.267231
    0.329153
    0.387886
    0.442863
     0.49355
    0.539457
    0.580151
    0.615247
    0.644418
    0.667391
    0.683954
    0.693953
    0.697296
    0.693953
    0.683953
     0.66739
    0.644416
    0.615245
    0.580149
    0.539455
    0.493547
     0.44286
    0.387884
     0.32915
    0.267229
     0.20272
    0.136247
   0.0684551
   0.0699874
    0.139297
    0.207259
    0.273213
    0.336523
    0.396575
    0.452787
    0.504615
    0.551557
    0.593168
    0.629057
    0.658887
    0.682379
    0.699317
    0.709542
    0.712961
    0.709542
    0.699316
    0.682378
    0.658885
    0.629055
    0.593166
    0.551554
    0.504612
    0.452784
    0.396572
    0.336521
    0.273212
    0.207257
    0.139296
   0.0699869
   0.0715192
    0.142346
    0.211796
    0.279195
    0.343893
    0.405263
    0.462711
     0.51568
    0.563658
    0.606188
    0.642871
    0.673361
    0.697374
    0.714686
    0.725138
    0.728633
    0.725138
    0.714685
    0.697372
    0.673359
    0.642868
    0.606186
    0.563655
    0.515677
    0.462708
     0.40526
    0.343891
    0.279193
    0.211794
    0.142345
   0.0715186
   0.0730506
    0.145395
    0.216332
    0.285177
    0.351263
    0.413951
    0.472634
    0.526745
     0.57576
    0.619211
    0.656688
    0.687839
    0.712373
    0.730061
     0.74074
     0.74431
    0.740739
     0.73006
    0.712371
    0.687836
    0.656685
    0.619208
    0.575757
    0.526742
    0.472631
    0.413947
     0.35126
    0.285174
     0.21633
    0.145393
   0.0730499
   0.0745823
    0.148443
    0.220869
    0.291159
    0.358634
    0.422641
    0.482561
    0.537815
    0.587868
     0.63224
    0.670513
    0.702326
    0.727381
    0.745446
    0.756352
    0.759999
    0.756351
    0.745444
    0.727379
    0.702322
    0.670509
    0.632236
    0.587863
     0.53781
    0.482556
    0.422636
     0.35863
    0.291156
    0.220866
    0.148442
   0.0745814
   0.0761152
    0.151495
     0.22541
    0.297147
    0.366012
    0.431339
    0.492498
    0.548896
     0.59999
    0.645286
    0.684356
    0.716832
    0.742411
    0.760853
    0.771988
     0.77571
    0.771986
    0.760851
    0.742408
    0.716828
    0.684351
    0.645281
    0.599985
    0.548891
    0.492492
    0.431334
    0.366007
    0.297143
    0.225407
    0.151493
   0.0761142
   0.0776511
    0.154552
     0.22996
    0.303146
    0.373404
    0.440055
    0.502454
        0.56
    0.612137
    0.658361
    0.698232
    0.731375
    0.757479
      0.7763
    0.787664
    0.791463
    0.787662
    0.776298
    0.757476
     0.73137
    0.698227
    0.658355
    0.612131
    0.559995
    0.502449
    0.440049
    0.373399
    0.303142
    0.229957
     0.15455
     0.07765
   0.0791917
    0.157619
    0.234524
    0.309164
     0.38082
    0.448798
    0.512443
    0.571141
    0.624324
     0.67148
    0.712156
    0.745969
    0.772602
    0.791805
    0.803398
    0.807275
    0.803397
    0.791803
    0.772599
    0.745965
    0.712151
    0.671475
    0.624318
    0.571135
    0.512438
    0.448793
    0.380815
     0.30916
    0.234521
    0.157617
   0.0791906
   0.0807379
    0.160697
    0.239104
    0.315205
    0.388263
    0.457574
    0.522469
    0.582323
    0.636557
     0.68465
    0.726137
    0.760624
    0.787789
    0.807376
    0.819201
    0.823155
      0.8192
    0.807374
    0.787786
    0.760621
    0.726132
    0.684645
    0.636552
    0.582318
    0.522464
    0.457569
    0.388258
    0.315201
    0.239102
    0.160695
    0.080737
    0.082289
    0.163784
    0.243699
    0.321264
    0.395729
    0.466378
    0.532528
    0.593541
    0.648831
    0.697863
    0.740166
    0.775333
    0.803033
    0.823006
    0.835065
    0.839097
    0.835064
    0.823005
    0.803031
     0.77533
    0.740163
     0.69786
    0.648827
    0.593538
    0.532524
    0.466374
    0.395726
    0.321261
    0.243697
    0.163783
   0.0822883
   0.0838431
    0.166878
    0.248303
    0.327335
    0.403211
    0.475199
    0.542606
    0.604782
    0.661128
    0.711101
    0.754221
    0.790073
    0.818312
    0.838675
    0.850969
     0.85508
    0.850969
    0.838674
    0.818311
    0.790071
     0.75422
      0.7111
    0.661126
     0.60478
    0.542604
    0.475197
    0.403209
    0.327334
    0.248303
    0.166877
   0.0838428
   0.0853973
    0.169972
    0.252908
    0.333406
    0.410692
     0.48402
    0.552683
    0.616021
    0.673423
    0.724337
    0.768273
    0.804808
    0.833591
    0.854346
    0.866878
    0.871068
    0.866878
    0.854346
    0.833591
    0.804807
    0.768272
    0.724337
    0.673423
     0.61602
    0.552683
    0.484019
    0.410692
    0.333406
    0.252908
    0.169972
   0.0853973
   0.0869497
    0.173062
    0.257506
     0.33947
    0.418163
    0.492828
    0.562744
     0.62724
    0.685694
    0.737543
    0.782289
      0.8195
    0.848819
    0.869965
    0.882734
    0.887004
    0.882734
    0.869965
     0.84882
      0.8195
    0.782289
    0.737544
    0.685695
    0.627241
    0.562745
    0.492828
    0.418164
    0.339471
    0.257507
    0.173062
   0.0869499
   0.0884999
    0.176147
    0.262098
    0.345524
    0.425622
     0.50162
    0.572786
    0.638436
    0.697936
    0.750715
    0.796263
    0.834143
     0.86399
    0.885517
    0.898516
    0.902863
    0.898516
    0.885517
     0.86399
    0.834144
    0.796264
    0.750715
    0.697937
    0.638437
    0.572787
    0.501621
    0.425623
    0.345525
    0.262099
    0.176148
   0.0885002
   0.0900487
     0.17923
    0.266685
    0.351572
    0.433072
    0.510401
    0.582815
    0.649615
    0.710159
    0.763864
    0.810212
    0.848757
    0.879128
    0.901033
    0.914261
    0.918685
    0.914262
    0.901034
    0.879129
    0.848757
    0.810212
    0.763864
     0.71016
    0.649616
    0.582816
    0.510403
    0.433073
    0.351573
    0.266686
    0.179231
    0.090049
   0.0915968
    0.182311
     0.27127
    0.357616
    0.440518
    0.519177
    0.592836
    0.660786
    0.722372
       0.777
    0.824146
    0.863355
    0.894249
    0.916532
    0.929988
    0.934487
    0.929988
    0.916532
    0.894249
    0.863355
    0.824146
    0.777001
    0.722372
    0.660787
    0.592837
    0.519178
    0.440519
    0.357617
     0.27127
    0.182312
   0.0915969
    0.093145
    0.185393
    0.275855
    0.363661
    0.447964
    0.527953
    0.602858
    0.671956
    0.734583
    0.790136
    0.838079
    0.877951
    0.909368
    0.932027
     0.94571
    0.950286
     0.94571
    0.932027
    0.909367
     0.87795
    0.838078
    0.790135
    0.734582
    0.671955
    0.602857
    0.527952
    0.447964
     0.36366
    0.275855
    0.185393
   0.0931448
   0.0946938
    0.188476
    0.280442
    0.369708
    0.455413
    0.536733
    0.612883
     0.68313
    0.746799
    0.803275
    0.852016
    0.892551
     0.92449
    0.947526
    0.961437
    0.966088
    0.961436
    0.947525
    0.924488
    0.892548
    0.852013
    0.803272
    0.746796
    0.683127
     0.61288
     0.53673
    0.455411
    0.369706
    0.280441
    0.188474
   0.0946932
   0.0962419
    0.191557
    0.285027
    0.375752
    0.462859
    0.545507
    0.622902
    0.694299
    0.759008
    0.816408
    0.865945
    0.907143
    0.939604
    0.963017
    0.977155
    0.981882
    0.977154
    0.963015
    0.939601
    0.907139
    0.865941
    0.816403
    0.759003
    0.694293
    0.622897
    0.545503
    0.462854
    0.375749
    0.285024
    0.191555
   0.0962409
   0.0977869
    0.194632
    0.289603
    0.381785
    0.470289
    0.554265
    0.632902
    0.705445
    0.771193
    0.829514
    0.879847
    0.921706
    0.954688
    0.978476
    0.992841
    0.997645
     0.99284
    0.978474
    0.954685
    0.921701
    0.879842
    0.829509
    0.771187
    0.705438
    0.632896
    0.554259
    0.470284
     0.38178
    0.289599
     0.19463
   0.0977857
