1.065407539908385
2.1205546227964476
3.1552796054539076
4.159617520659562
5.1238960452630264
6.038828649944108
6.895604033566693
7.6859709808254255
8.402317825959686
9.037745757255808
9.58613525637517
10.04220503266106
10.401562884854746
10.660748000394614
10.81726428493302
10.869604401089358
10.817264284933021
10.660748000394614
10.401562884854746
10.04220503266106
9.58613525637517
9.03774575725581
8.402317825959688
7.685970980825427
6.895604033566693
6.038828649944108
5.123896045263028
4.1596175206595625
3.1552796054539085
2.1205546227964516
1.0654075399083875
1.0518093251052416
2.0934051081428
3.114679406790049
4.105733837920894
5.056980325946067
5.959237202884723
6.803819410719308
7.582621784226438
8.288194643143695
8.913811177962982
9.453526355756763
9.902227284867427
10.25567514671598
10.510538920275287
10.66442118566911
10.715876298875072
10.664421185669111
10.510538920275287
10.25567514671598
9.902227284867427
9.453526355756763
8.913811177962984
8.288194643143697
7.582621784226439
6.803819410719308
5.959237202884723
5.056980325946069
4.105733837920896
3.1146794067900494
2.093405108142804
1.051809325105244
1.038212008363787
2.0662626746957184
3.074102535853126
4.051903601657395
4.990164505321192
5.879809293189023
6.712278274893402
7.479609762415535
8.17451197074928
8.790424798923379
9.321571623489856
9.763001586050189
10.110623116788005
10.361229590258365
10.51251805034576
10.56310187097719
10.51251805034576
10.361229590258365
10.110623116788005
9.763001586050189
9.321571623489858
8.790424798923382
8.17451197074928
7.479609762415536
6.712278274893402
5.879809293189023
4.990164505321194
4.051903601657396
3.0741025358531266
2.0662626746957224
1.0382120083637894
1.0246155681305409
2.039127152506247
3.0335484327776934
3.9981255291536604
4.923446185819792
5.80054099596028
6.620974782400461
7.376926823197806
8.061259236526325
8.667573463330923
9.190255359534014
9.624509887033916
9.966386738073762
10.212798416341391
10.361532319828395
10.411258229212123
10.361532319828397
10.212798416341391
9.966386738073762
9.624509887033916
9.190255359534016
8.667573463330925
8.061259236526327
7.376926823197808
6.620974782400461
5.80054099596028
4.9234461858197935
3.9981255291536617
3.0335484327776943
2.0391271525062504
1.0246155681305433
1.0110199828520223
2.0119983716254266
2.993016537698304
3.9443983376942855
4.856822969873256
5.721428386301766
6.52990308955197
7.274564874378335
7.948425868224711
8.545244014379533
9.059561863848801
9.486734138643172
9.822945953576196
10.065223804521903
10.211441434982444
10.260322485396273
10.211441434982444
10.065223804521903
9.822945953576196
9.486734138643172
9.059561863848803
8.545244014379534
7.948425868224712
7.274564874378337
6.52990308955197
5.721428386301766
4.8568229698732575
3.944398337694287
2.9930165376983044
2.01199837162543
1.0110199828520245
0.9974252309747516
1.984876162104301
2.9525062907495125
3.8907207445638665
4.790292459912975
5.642467539316753
6.439057352659413
7.17251582376221
7.836001293594321
8.423423295263131
8.92947543639378
9.349656291702528
9.680280706298246
9.918484160797444
10.062222836673334
10.11027175134605
10.062222836673335
9.918484160797444
9.680280706298246
9.349656291702528
8.929475436393782
8.423423295263133
7.836001293594322
7.172515823762211
6.439057352659413
5.642467539316753
4.790292459912977
3.8907207445638683
2.952506290749513
1.9848761621043047
0.9974252309747539
0.9838312909452473
1.9577603539939115
2.9120171320658703
3.8370914670469998
4.723852258370338
5.56365453010851
6.348431728034272
7.070771579154516
7.723974940385036
8.302098149175643
8.799980377128518
9.21325829703654
9.538370939242853
9.77255789116556
9.91385396576649
9.961083138877855
9.913853965766492
9.77255789116556
9.538370939242853
9.21325829703654
8.79998037712852
8.302098149175645
7.723974940385037
7.070771579154517
6.348431728034272
5.56365453010851
4.72385225837034
3.8370914670470015
2.9120171320658708
1.9577603539939152
0.9838312909452496
0.9702381412100296
1.9306507773453014
2.8715485017819335
3.783509222428282
4.657499967676737
5.484985433780311
6.258020371988034
6.969324048360337
7.612336236346739
8.181255419310993
8.671060986012577
9.077522105469788
9.397196595412954
9.62742340162379
9.766312263127343
9.8127337598081
9.766312263127343
9.62742340162379
9.397196595412954
9.077522105469788
8.671060986012579
8.181255419310995
7.6123362363467395
6.969324048360339
6.258020371988034
5.484985433780311
4.657499967676738
3.7835092224282834
2.871548501781934
1.930650777345305
0.9702381412100318
0.9566457602156173
1.9035472622095124
2.8310998400322536
3.729972727992307
4.5912331902635595
5.4064563254354265
6.167817440832184
6.868165139184762
7.5010746092293115
8.060881948863099
8.542701563005519
8.942429667826831
9.256737617811496
9.483059098169678
9.61957516962131
9.665200725953188
9.619575169621312
9.483059098169678
9.256737617811496
8.942429667826831
8.54270156300552
8.0608819488631
7.501074609229312
6.868165139184764
6.167817440832184
5.4064563254354265
4.591233190263561
3.7299727279923083
2.831099840032254
1.903547262209516
0.9566457602156195
0.9430541264085305
1.8764496386375873
2.7906705869513853
3.6764807010236726
4.525049528562197
5.328063280177131
6.077817090878206
6.767286759432877
7.390179486782637
7.940964581025887
8.414886408066913
8.807962934932236
9.116973949441418
9.339443386800768
9.473620126113829
9.518461149129527
9.473620126113829
9.339443386800768
9.116973949441418
8.807962934932236
8.414886408066915
7.94096458102589
7.390179486782638
6.767286759432878
6.077817090878206
5.328063280177131
4.5250495285621986
3.676480701023674
2.7906705869513857
1.8764496386375906
0.9430541264085327
0.9294632182352881
1.849357736680568
2.7502601826738813
3.6230318588069736
4.458946585004038
5.249802373108689
5.9880134784375825
6.666680816909762
7.279640296756595
7.821490158993277
8.287599821156318
8.67410385761057
8.977885533305658
9.196554673514598
9.328424573470315
9.37249214115352
9.328424573470317
9.196554673514598
8.977885533305658
8.67410385761057
8.287599821156318
7.82149015899328
7.279640296756596
6.666680816909764
5.9880134784375825
5.249802373108689
4.45894658500404
3.623031858806975
2.7502601826738817
1.8493577366805714
0.9294632182352903
0.9158730141424102
1.8222713863894977
2.709868067334296
3.569624918626807
4.392921962020474
5.1716696793333785
5.898400759821802
6.566339219420512
7.169446466901071
7.702445525959196
8.160826102233303
8.540834386686402
8.83945231240716
9.054371364308713
9.183965952556205
9.227270813841578
9.183965952556205
9.054371364308713
8.83945231240716
8.540834386686402
8.160826102233301
7.702445525959199
7.169446466901072
6.566339219420514
5.898400759821802
5.1716696793333785
4.392921962020476
3.5696249186268085
2.7098680673342965
1.822271386389501
0.9158730141424122
0.9022834925764155
1.7951904178154179
2.6694936810671814
3.516258597767768
4.326973262042895
5.093661273954469
5.808973091342344
6.4662538747702065
7.059587424965946
7.583817525117563
8.034549551257422
8.408136472984289
8.701654229748867
8.912871865180653
9.040221704236918
9.082774279010103
9.040221704236918
8.912871865180653
8.701654229748867
8.408136472984289
8.034549551257424
7.583817525117565
7.0595874249659465
6.466253874770207
5.808973091342344
5.093661273954469
4.3269732620428965
3.516258597767769
2.669493681067182
1.7951904178154214
0.9022834925764175
0.8886946319838241
1.7681146610093719
2.6291364640070936
3.462931613514453
4.26109808750269
5.015773232075232
5.719724629310696
6.366416690763932
6.950052598701101
7.465592999662302
7.908754468188252
8.27599206732881
8.564471228333714
8.772034582127965
8.897169269377887
8.938979648475504
8.897169269377889
8.772034582127965
8.564471228333714
8.27599206732881
7.908754468188253
7.465592999662305
6.9500525987011015
6.366416690763934
5.719724629310696
5.015773232075232
4.261098087502692
3.4629316135144546
2.629136464007094
1.7681146610093752
0.8886946319838263
0.8751064108111554
1.741043946022401
2.5887958562885833
3.409642683151458
4.19529404083125
4.938001628798939
5.630649530038343
6.266819575206778
6.840831415856418
7.347758792787334
7.783425152985348
8.144383120544523
8.427883251164648
8.631837921148188
8.754786088844535
8.795864034054187
8.754786088844535
8.631837921148188
8.427883251164648
8.144383120544523
7.783425152985349
7.347758792787337
6.840831415856419
6.266819575206779
5.630649530038343
4.938001628798939
4.195294040831252
3.409642683151459
2.5887958562885838
1.7410439460224045
0.8751064108111573
0.8615188075049284
1.7139781029055485
2.548471298046206
3.356390523963378
4.1295587244599625
4.860342539228862
5.5417419498367675
6.167454435903825
6.731913304181781
7.230301747686584
7.658545905608277
8.013291583456
8.291870241244606
8.492260288238864
8.613049603502287
8.653404547562555
8.613049603502287
8.492260288238864
8.291870241244606
8.013291583456
7.658545905608278
7.230301747686586
6.731913304181782
6.167454435903826
5.5417419498367675
4.860342539228862
4.129558724459964
3.356390523963379
2.5484712980462065
1.713978102905552
0.8615188075049305
0.8479318005116631
1.6869169617098565
2.5081622294145145
3.30317385323481
4.063889740820221
4.782792038468272
5.452996045017455
6.068313180660163
6.623287691427071
7.113208707553974
7.534101026016604
7.882699406887804
8.15641214157653
8.353280089397536
8.471937254216572
8.511578300817018
8.471937254216572
8.353280089397536
8.15641214157653
7.882699406887804
7.534101026016604
7.113208707553976
6.6232876914270715
6.068313180660165
5.452996045017455
4.782792038468272
4.063889740820223
3.3031738532348114
2.5081622294145145
1.6869169617098598
0.847931800511665
0.8343453682778784
1.6598603524863673
2.467868090528062
3.24999138825035
3.9982846923434128
4.705346201620441
5.364405971891889
5.969387717280878
6.51494400534217
6.996466515583426
7.41007481416989
7.752588541664502
8.02148889516336
8.214875730621745
8.331426481852812
8.370362405633982
8.331426481852812
8.214875730621745
8.02148889516336
7.752588541664502
7.4100748141698904
6.996466515583428
6.514944005342171
5.969387717280879
5.364405971891889
4.705346201620441
3.998284692343415
3.2499913882503515
2.4678680905280626
1.6598603524863706
0.8343453682778805
0.8207594892500945
1.6328081052861234
2.4275883215214025
3.196841846294593
3.932741181460929
4.628001103788639
5.275965886771557
5.8706699535710545
6.40687167367696
6.880062014968862
7.286451570027701
7.62294093861066
7.88708044500804
8.077025617909037
8.19149472727644
8.229733973829852
8.19149472727644
8.077025617909037
7.88708044500804
7.62294093861066
7.286451570027702
6.880062014968865
6.40687167367696
5.8706699535710545
5.275965886771557
4.628001103788639
3.9327411814609308
3.196841846294595
2.427588321521403
1.6328081052861267
0.8207594892500962
0.80717414187483
1.6057600501601672
2.3873223625290896
3.1437239446521366
3.867256810604159
4.55075282007614
5.187669945967939
5.772151797335778
6.299060124181324
6.763982048904206
7.1632155935496025
7.493738548550846
7.75316673411351
7.939708157256952
8.052119431352882
8.089670117221033
8.052119431352882
7.939708157256952
7.75316673411351
7.493738548550846
7.1632155935496025
6.763982048904209
6.299060124181325
5.772151797335779
5.187669945967939
4.55075282007614
3.867256810604161
3.1437239446521374
2.38732236252909
1.6057600501601705
0.8071741418748318
0.7935893045986052
1.5787160171595411
2.347069653685676
3.0906364006075746
3.801829182204494
4.473597425586214
5.099512305792523
5.6738251563801345
6.191498784605145
6.6482134605833805
7.040351184695155
7.364963322309626
7.61972770548271
7.802901754663031
7.9132780349475595
7.950147947623933
7.913278034947561
7.802901754663031
7.61972770548271
7.364963322309626
7.040351184695156
6.648213460583383
6.1914987846051455
5.673825156380135
5.099512305792523
4.473597425586214
3.8018291822044956
3.090636400607576
2.3470696536856765
1.5787160171595442
0.793589304598607
0.780004955867939
1.5516758363352874
2.3068296351257165
3.037577931445505
3.7364558986933223
4.396530995422133
5.011487122556791
5.57568193850921
6.084177082698302
6.532743093200309
6.917842643423924
7.236597210711564
7.48674330211858
7.666584816124819
7.774947978925903
7.811144576854959
7.774947978925904
7.666584816124819
7.48674330211858
7.236597210711564
6.917842643423925
6.5327430932003105
6.084177082698303
5.575681938509212
5.011487122556791
4.396530995422133
3.7364558986933245
3.0375779314455063
2.306829635125717
1.5516758363352905
0.7800049558679408
0.7664210741293512
1.5246393377384486
2.2666017469837634
2.9845472544505225
3.6711345625020355
4.319549604687169
4.923588552572231
5.477714051528092
5.9770844462106805
6.417557789948912
6.795674269695476
7.10862216458123
7.3541934670240625
7.530735747639856
7.637106704153338
7.672637116730516
7.6371067041533385
7.530735747639856
7.3541934670240625
7.10862216458123
6.795674269695476
6.417557789948915
5.977084446210681
5.4777140515280935
4.923588552572231
4.319549604687169
3.6711345625020373
2.984547254450524
2.266601746983764
1.5246393377384517
0.7664210741293529
0.752837637829361
1.497606351420067
2.2263854293943712
2.9315430869072236
3.6058627760620223
4.242649328484592
4.835810752150324
5.379913403241866
5.87021030289216
6.302644394023113
6.673830363469369
6.98102013474319
7.222058143202097
7.395332955205684
7.499731651495289
7.53460267906701
7.49973165149529
7.395332955205684
7.222058143202097
6.98102013474319
6.67383036346937
6.302644394023115
5.87021030289216
5.379913403241867
4.835810752150324
4.242649328484592
3.605862776062024
2.9315430869072245
2.2263854293943717
1.49760635142007
0.7528376378293629
0.739254625414488
1.470576707431185
2.186180122492093
2.8785641461002043
3.5406381418046733
4.165826241917675
4.7481478776025545
5.282271901455616
5.7635440804926255
6.187989748616836
6.552295224705173
6.853773072022008
7.090317273655629
7.260354844819849
7.362800261817189
7.397018375680849
7.362800261817189
7.260354844819849
7.090317273655629
6.853773072022008
6.552295224705174
6.187989748616839
5.7635440804926255
5.282271901455617
4.7481478776025545
4.165826241917675
3.540638141804675
2.8785641461002056
2.1861801224920936
1.470576707431188
0.7392546254144899
0.7256720153312518
1.4435502358228454
2.1459852664114827
2.82560914931406
3.475458262161378
4.08907642008969
4.66059408524041
5.184781453974427
5.657075206761957
6.073580696924002
6.431053153362448
6.726862927242253
6.958950801387593
7.12577982247989
7.226289975984457
7.259861318388437
7.226289975984457
7.12577982247989
6.958950801387593
6.726862927242253
6.431053153362449
6.073580696924005
5.657075206761958
5.184781453974429
4.66059408524041
4.08907642008969
3.47545826216138
2.825609149314061
2.145985266411483
1.443550235822848
0.7256720153312535
0.7120897860261715
1.41652676664609
2.105800301287093
2.772676813833387
3.410320739563527
4.012395938103906
4.573143531375372
5.087433968603391
5.550793109450035
5.959404082138534
6.310088449400761
6.600271651228491
6.827938669400935
6.991586294183349
7.090178234862523
7.123108619006182
7.090178234862524
6.991586294183349
6.827938669400935
6.600271651228491
6.310088449400761
5.959404082138536
5.550793109450036
5.087433968603392
4.573143531375372
4.012395938103906
3.4103207395635287
2.772676813833388
2.1058003012870934
1.4165267666460923
0.7120897860261731
0.698507915945767
1.389506129951961
2.0656246672534784
2.7197658569427814
3.3452231764425093
3.9357808710635975
4.4857903723189265
4.990221353147588
5.444687216306747
5.845446747454356
6.189385412779674
6.473981194805286
6.697260820698593
6.85775266592777
6.954442479316813
6.9867373893504885
6.954442479316814
6.85775266592777
6.697260820698593
6.473981194805286
6.189385412779675
5.845446747454358
5.444687216306747
4.9902213531475885
4.4857903723189265
3.9357808710635975
3.345223176442511
2.7197658569427823
2.0656246672534784
1.3895061299519635
0.6985079159457687
0.6849263835365572
1.3624881557915014
2.025457804445191
2.6668749959268387
3.2801631752297156
3.859227294072034
4.398528764382557
4.893135515412105
5.3387469550819695
5.731695536065389
6.068928343458751
6.347973508797208
6.566897198283509
6.724257343710696
6.819060150212755
6.850724741237764
6.819060150212755
6.724257343710696
6.566897198283509
6.347973508797208
6.068928343458752
5.7316955360653905
5.33874695508197
4.893135515412106
4.398528764382557
3.859227294072034
3.280163175229717
2.6668749959268396
2.0254578044451916
1.3624881557915038
0.6849263835365589
0.6713451672450623
1.3354726742157534
1.9852991529967863
2.6140029480701554
3.2151383383565357
3.782731282232488
4.31135286387775
4.796168363202028
5.232961753525587
5.618137291165556
5.948701541397556
6.22223054402882
6.436827745158624
6.591078733529667
6.684008688415774
6.715047786484415
6.684008688415774
6.591078733529667
6.436827745158624
6.22223054402882
5.948701541397556
5.618137291165558
5.232961753525588
4.79616836320203
4.31135286387775
3.782731282232488
3.2151383383565375
2.6140029480701568
1.985299152996787
1.3354726742157557
0.6713451672450638
0.6577642455178012
1.3084595152757594
1.9451481530428163
2.561148430657328
3.15014626825436
3.7062889106482313
4.224256827115987
4.699311804322446
5.127321039387484
5.50475885594878
5.8286893065556535
6.096734251324692
6.307032404326879
6.458195241382226
6.549265534791295
6.5796836369068465
6.549265534791296
6.458195241382226
6.307032404326879
6.096734251324692
5.828689306555654
5.504758855948782
5.127321039387485
4.699311804322447
4.224256827115987
3.7062889106482313
3.1501462682543617
2.5611484306573287
1.9451481530428167
1.3084595152757617
0.6577642455178028
0.6441835968012937
1.2814485090225616
1.905004244717835
2.5083101609729503
3.085184567354578
3.629896254422534
4.137234810408754
4.602557746578442
5.021814240417538
5.391547073608983
5.708875938892608
5.971466581509388
6.177491118791216
6.325585273265917
6.414808130204748
6.444609404321466
6.414808130204749
6.325585273265917
6.177491118791216
5.971466581509388
5.708875938892609
5.391547073608985
5.021814240417539
4.602557746578442
4.137234810408754
3.629896254422534
3.0851845673545792
2.5083101609729517
1.9050042447178355
1.2814485090225638
0.6441835968012951
0.6306031995420589
1.2544394855072027
1.8648668681563958
2.455486856301621
3.0202508380885797
3.5535493886586695
4.0502809700675355
4.505898097775101
4.916430784365636
5.278488787340089
5.589245738367983
5.846409485407475
6.0481838315545735
6.19322723517828
6.280613915521557
6.309802200544679
6.280613915521558
6.19322723517828
6.0481838315545735
5.846409485407475
5.589245738367983
5.278488787340091
4.9164307843656365
4.505898097775102
4.0502809700675355
3.5535493886586695
3.020250838088581
2.4554868563016217
1.8648668681563962
1.2544394855072047
0.6306031995420603
0.6170230321866165
1.227432274780725
1.8247354634930526
2.4026772339279345
2.9553426828877547
3.477244388459908
3.963389462403817
4.409324765717511
4.811160098981657
5.16557084033602
5.469783004941342
5.72154491384352
5.919090485619894
6.061099533116858
6.146660331607151
6.175239137392892
6.146660331607151
6.061099533116858
5.919090485619894
5.72154491384352
5.469783004941343
5.165570840336022
4.811160098981657
4.409324765717512
3.963389462403817
3.477244388459908
2.955342682887756
2.4026772339279354
1.8247354634930528
1.227432274780727
0.6170230321866179
0.6034430731814859
1.2004267068941707
1.7846094708623583
2.349880011136487
2.890457704183494
3.400977328929522
3.8765544437290815
4.312829658210758
4.705991612015483
5.052780075790699
5.350472038572248
5.59685481764209
5.790191023990118
5.929180573079195
6.012924819326955
6.0408973266825114
6.012924819326955
5.929180573079195
5.790191023990118
5.59685481764209
5.350472038572249
5.0527800757907
4.705991612015483
4.312829658210759
3.8765544437290815
3.400977328929522
2.890457704183495
2.3498800111364875
1.7846094708623585
1.2004267068941727
0.6034430731814873
0.5898633009731866
1.1734226118985824
1.744488330398867
2.2970939052118737
2.8255935044071863
3.324744285170782
3.7897700703548134
4.216404683059926
4.600914751216997
4.940103336898048
5.231297139220269
5.472321147627748
5.661465389668189
5.797448761062832
5.879384819546393
5.906753880229943
5.879384819546394
5.797448761062832
5.661465389668189
5.472321147627748
5.231297139220269
4.94010333689805
4.6009147512169974
4.216404683059927
3.7897700703548134
3.324744285170782
2.8255935044071876
2.2970939052118746
1.7444883303988672
1.1734226118985847
0.589863300973188
0.5762836940082382
1.1464198198450024
1.704371482237132
2.2443176334386923
2.7607476859902222
3.2485413322869605
3.703030498592498
4.120041748070102
4.495918944336082
4.827527466851988
5.112242606844963
5.347925854625067
5.532893525657043
5.665882503065309
5.746017773130896
5.772785909851594
5.746017773130897
5.665882503065309
5.532893525657043
5.347925854625067
5.112242606844964
4.827527466851991
4.495918944336083
4.120041748070103
3.703030498592498
3.2485413322869605
2.7607476859902236
2.244317633438693
1.7043714822371325
1.1464198198450044
0.5762836940082395
0.5627042307331599
1.1194181607844733
1.664258366511707
2.1915499131015377
2.695917851363992
3.1723645453813285
3.616329884753619
4.0237327610463725
4.390993619122618
4.715039308846445
4.993292741405899
5.223650889458606
5.404455374959626
5.534460205084174
5.612801120945888
5.6389705273638695
5.612801120945889
5.534460205084174
5.404455374959626
5.223650889458606
4.9932927414059
4.715039308846447
4.390993619122619
4.023732761046373
3.616329884753619
3.1723645453813285
2.695917851363993
2.191549913101538
1.6642583665117074
1.1194181607844753
0.5627042307331611
0.5491248895944714
1.0924174647680371
1.624148423357145
2.1387894614850054
2.631101602959885
3.096209999557158
3.5296623851496625
3.9274696297938227
4.28612820332649
4.602625706075342
4.87443184286264
5.099478202952937
5.276130880578876
5.403160273116963
5.479712303856798
5.505284844583176
5.4797123038567985
5.403160273116963
5.276130880578876
5.099478202952937
4.87443184286264
4.602625706075343
4.28612820332649
3.927469629793823
3.5296623851496625
3.096209999557158
2.631101602959886
2.138789461485006
1.6241484233571455
1.0924174647680391
0.5491248895944726
0.5355456490386921
1.0654175618467365
1.5840410929080002
2.086034995873693
2.566296543209292
3.0200737699177207
3.443022156092111
3.8312442621175395
4.181312124697578
4.490273501732598
4.755644211174748
4.975389745932625
5.147899985517735
5.271961113161223
5.346728762729049
5.371705973325922
5.346728762729049
5.271961113161223
5.147899985517735
4.975389745932625
4.755644211174748
4.4902735017326
4.181312124697579
3.83124426211754
3.443022156092111
3.0200737699177207
2.5662965432092935
2.086034995873693
1.5840410929080004
1.0654175618467385
0.5355456490386933
0.5219664875123413
1.0384182820716137
1.543935815298826
2.0332852335521943
2.501500274543602
2.9439519315662865
3.356403353892449
3.7350485658226074
4.076534810985764
4.377969539012138
4.636914146301788
4.851367469222234
5.019742632779144
5.140841131214494
5.21382793842807
5.238211025408509
5.213827938428071
5.140841131214494
5.019742632779144
4.851367469222234
4.636914146301788
4.377969539012138
4.076534810985765
3.735048565822608
3.356403353892449
2.9439519315662865
2.5015002745436035
2.0332852335521947
1.543935815298826
1.0384182820716157
0.5219664875123425
0.5083873834619387
1.0114194554937113
1.5038320306641753
1.9805388918051068
2.4367103993942054
2.8678405596061296
3.2698001348621633
3.6388744487141125
3.971785689940932
4.265700661107884
4.518225948203324
4.727393323646334
4.891638765366044
5.009778733274318
5.080987271819287
5.104777112647348
5.080987271819287
5.009778733274318
4.891638765366044
4.727393323646334
4.518225948203325
4.265700661107885
3.971785689940933
3.6388744487141125
3.2698001348621633
2.8678405596061296
2.4367103993942063
1.9805388918051072
1.5038320306641757
1.0114194554937133
0.5083873834619398
0.49480831533400355
0.9844209121640716
1.4637291791386022
1.9277946879170258
2.3719245201924926
2.791735729140519
3.1832066553127354
3.542713818597141
3.867054189312963
4.153453711213759
4.39956391683892
4.603449260029489
4.763568326281375
4.8787523253382385
4.948184203768126
4.971381346858841
4.948184203768126
4.8787523253382385
4.763568326281375
4.603449260029489
4.39956391683892
4.15345371121376
3.867054189312964
3.5427138185971416
3.1832066553127354
2.791735729140519
2.3719245201924934
1.9277946879170265
1.4637291791386027
0.9844209121640733
0.4948083153340047
0.4812292615750555
0.9574224821337369
1.42362670085666
1.875051339172548
2.3071402393698532
2.715633515272728
3.096617071555652
3.446558583276779
3.762329736851739
4.041215532523686
4.280912352168141
4.479517229196267
4.635511258528078
4.747740313403797
4.815396175140015
4.838000839859399
4.815396175140015
4.747740313403797
4.635511258528078
4.479517229196267
4.280912352168141
4.041215532523687
3.76232973685174
3.4465585832767793
3.096617071555652
2.715633515272728
2.307140239369854
1.8750513391725485
1.4236267008566603
0.9574224821337387
0.4812292615750566
0.467650200631614
0.9304239954537497
1.3835240359529026
1.8223075628562686
2.2423551593576767
2.6395299931060268
3.0100255399023967
3.350400650558113
3.6576017603071422
3.9289729682315864
4.162255554150549
4.355579181971233
4.507447505109096
4.61672110346854
4.682600626800379
4.704612703465425
4.682600626800379
4.61672110346854
4.507447505109096
4.355579181971233
4.1622555541505495
3.9289729682315873
3.657601760307143
3.3504006505581136
3.0100255399023967
2.6395299931060268
2.2423551593576776
1.822307562856269
1.3835240359529026
0.9304239954537514
0.46765020063161505
0.4540711109501983
0.9034252821751523
1.3434206245618832
1.7695620762527837
2.1775668825873535
2.5634212377436882
2.923426216664454
3.2542319282462278
3.5528596874290557
3.816712861531385
4.043577822745709
4.231617069178956
4.379357009027369
4.4856731015300015
4.549774999614644
4.571194049493325
4.549774999614645
4.4856731015300015
4.379357009027369
4.231617069178956
4.043577822745709
3.816712861531385
3.5528596874290566
3.254231928246228
2.923426216664454
2.5634212377436882
2.177566882587355
1.7695620762527842
1.3434206245618834
0.9034252821751539
0.45407111095019936
0.4404919709773281
0.8764261723489872
1.303315906818155
1.7168135966466898
2.112773011490274
2.4873033242889835
2.836813258153308
3.1580443241462097
3.44809294596736
3.7044220556170013
3.924863457913185
4.1076128416439985
4.251219713285836
4.35457471358573
4.416896734448239
4.437721989759507
4.416896734448239
4.35457471358573
4.251219713285836
4.1076128416439985
3.9248634579131854
3.704422055617002
3.4480929459673604
3.15804432414621
2.836813258153308
2.4873033242889835
2.1127730114902747
1.71681359664669
1.3033159068181552
0.8764261723489888
0.4404919709773291
0.42691275915952276
0.8494264960262967
1.2632093228562722
1.6640608413225817
2.0479711484978274
2.411172327845184
2.7501808206804434
3.061829746063144
3.3432909636719383
3.592087393682361
3.806096759612541
3.983548450190931
4.12301556088744
4.223404345633266
4.283943272166588
4.304173636080376
4.283943272166589
4.223404345633266
4.12301556088744
3.983548450190931
3.806096759612542
3.5920873936823616
3.343290963671939
3.061829746063145
2.7501808206804434
2.411172327845184
2.0479711484978282
1.664060841322582
1.2632093228562724
0.8494264960262983
0.42691275915952376
0.4133334539433018
0.8224260832581233
1.2231003128107878
1.6113025275650568
1.983158896041404
2.3350243235155603
2.6635230605573454
2.965580101802118
3.238443168292673
3.479695718921385
3.687262027803341
3.859405845644317
3.9947244948351215
4.092140403670152
4.150892053635118
4.1705261002723395
4.15089205363512
4.092140403670152
3.9947244948351215
3.859405845644317
3.687262027803341
3.4796957189213855
3.2384431682926733
2.965580101802118
2.6635230605573454
2.3350243235155603
1.9831588960414048
1.611302527565057
1.223100312810788
0.8224260832581247
0.41333345394330273
0.3997540337751846
0.7954247640955092
1.1829883168162554
1.5585373726587097
1.9183338565523935
2.2588553864033853
2.576834134095498
2.8692872991682163
3.1335389875794455
3.3672338745279964
3.5683435624451487
3.735166978828725
3.866326458131822
3.9607612936939316
4.0177205197192585
4.036756494151803
4.017720519719259
3.9607612936939316
3.866326458131822
3.735166978828725
3.568343562445149
3.3672338745279973
3.1335389875794464
2.869287299168217
2.576834134095498
2.2588553864033853
1.9183338565523944
1.5585373726587102
1.1829883168162558
0.7954247640955108
0.3997540337751856
0.3861744771016907
0.768422368589497
1.1428727750072292
1.5057640938881374
1.8534936324621865
2.18266159161193
2.4901081976063852
2.772943245966526
3.028567849282138
3.254688703696119
3.449325663497528
3.6108138005687196
3.7378013937804817
3.8292454217021445
3.8844061112844326
3.902841929535172
3.8844061112844335
3.8292454217021445
3.7378013937804817
3.6108138005687196
3.449325663497529
3.2546887036961194
3.0285678492821386
2.7729432459665264
2.4901081976063852
2.18266159161193
1.8534936324621873
1.5057640938881378
1.1428727750072294
0.7684223685894984
0.3861744771016916
0.3725947623693396
0.741418726791129
1.1027531275182616
1.4529814085379356
1.7886358262021722
2.106439014244466
2.4033394074014924
2.676539850002132
2.923519181150634
3.1420470496196735
3.330192630920044
3.486328261688869
3.6091292447840426
3.697571193692334
3.7509262691960683
3.768759518238854
3.7509262691960688
3.697571193692334
3.6091292447840426
3.486328261688869
3.330192630920044
3.142047049619675
2.923519181150634
2.6765398500021322
2.4033394074014924
2.106439014244466
1.788635826202173
1.452981408537936
1.1027531275182618
0.7414187267911303
0.3725947623693404
0.3590148680246507
0.7144136687514476
1.0626288144839071
1.4001880338927
1.7237580402037413
2.0301837294042655
2.3165219197923035
2.5800690190801205
2.8183824109348135
3.0292957554925843
3.2109287646722593
3.361692313013739
3.4802899541454444
3.5657170156620444
3.6172584343195924
3.6344863720792544
3.617258434319593
3.5657170156620444
3.4802899541454444
3.361692313013739
3.2109287646722593
3.0292957554925852
2.818382410934814
2.580069019080121
2.3165219197923035
2.0301837294042655
1.7237580402037422
1.4001880338927006
1.0626288144839071
0.714413668751449
0.3590148680246515
0.3454347725141434
0.6874070245214952
1.0224992760387186
1.347382687237027
1.6588578768982833
1.9538918121945992
2.229649891090302
2.4835226610055776
2.71314696638456
2.9164216645087726
3.091518364713738
3.2368879053678956
3.3512634648676283
3.4336612936088153
3.48338004752043
3.49999960287278
3.4833800475204306
3.4336612936088153
3.3512634648676283
3.2368879053678956
3.0915183647137385
2.9164216645087735
2.713146966384561
2.483522661005578
2.229649891090302
1.9538918121945992
1.658857876898284
1.3473826872370271
1.0224992760387188
0.6874070245214965
0.34543477251414423
0.33185445428433735
0.6603986241523143
0.9823639523172499
1.2945640858555119
1.5939329387171886
1.8775593377187385
2.1427174776069746
2.3868926835835893
2.607802275249756
2.803411619862162
2.9719457310040447
3.1118969895759068
3.2220297199535364
3.3013824335301902
3.3492685496640093
3.3652763224358373
3.3492685496640093
3.3013824335301902
3.2220297199535364
3.1118969895759068
2.971945731004045
2.8034116198621635
2.6078022752497563
2.3868926835835897
2.1427174776069746
1.8775593377187385
1.5939329387171892
1.2945640858555123
0.98236395231725
0.6603986241523155
0.33185445428433813
0.3182738917817518
0.633388297694947
0.9422222834540546
1.2417309470327513
1.5289808280918464
1.8011823810799557
2.0557188356538045
2.2901709946192406
2.5023377652802825
2.6902524647466755
2.852195163502743
2.9867015164623365
3.0925686624061086
3.168858841423711
3.214901381615756
3.2302936425848316
3.2149013816157557
3.168858841423711
3.0925686624061086
2.9867015164623365
2.8521951635027434
2.690252464746676
2.502337765280283
2.290170994619241
2.0557188356538045
1.8011823810799557
1.5289808280918469
1.2417309470327516
0.9422222834540546
0.6333882976949481
0.3182738917817525
0.30469306345290637
0.6063758752004359
0.9020737095836859
1.1888819880533406
1.4639991474536473
1.7247570173815219
1.9686481215422758
2.193349501917619
2.396742864226022
2.5769310423562346
2.732250962169397
2.8612834368517532
2.962860235228286
3.036068923286921
3.0802559842410964
3.0950286751361697
3.080255984241097
3.036068923286921
2.962860235228286
2.8612834368517532
2.732250962169397
2.576931042356235
2.3967428642260225
2.1933495019176195
1.9686481215422758
1.7247570173815219
1.463999147453648
1.1888819880533408
0.9020737095836862
0.606375875200437
0.3046930634529071
0.2911119477443205
0.5793611867198234
0.8619176708406976
1.1360159262018763
1.398985499233981
1.6482793217267087
1.8814994915838739
2.096420113283809
2.291006999836857
2.4634341958847625
2.6120974269635706
2.7356247015687227
2.83288438142301
2.902991085117361
2.9453097984054573
2.959458531906258
2.945309798405458
2.902991085117361
2.83288438142301
2.7356247015687227
2.612097426963571
2.4634341958847634
2.2910069998368576
2.0964201132838096
1.8814994915838739
1.6482793217267087
1.3989854992339816
1.1360159262018765
0.8619176708406977
0.5793611867198245
0.29111194774432114
0.2775305231025136
0.5523440623041518
0.8217536073596432
1.083131478762954
1.3339374858642377
1.5717453692187875
1.794267102090082
1.9993747365228969
2.18511959986267
2.349748768526182
2.491718857844828
2.6097072614378116
2.7026210439932212
2.7696037329125747
2.810040264974266
2.823560324711502
2.8100402649742664
2.7696037329125747
2.7026210439932212
2.6097072614378116
2.4917188578448286
2.3497487685261826
2.1851195998626705
1.9993747365228975
1.794267102090082
1.5717453692187875
1.3339374858642383
1.0831314787629545
0.8217536073596432
0.5523440623041529
0.27753052310251425
0.2639487679740051
0.5253243320044636
0.7815809592750762
1.03022736302117
1.268852709775807
1.4951512349610305
1.706945109372386
1.902205279439969
2.0790700920533425
2.235861603474416
2.3710995547727327
2.4835130672835866
2.572050165941861
2.6358852726701034
2.674424824812948
2.6873111653683095
2.6744248248129483
2.6358852726701034
2.572050165941861
2.4835130672835866
2.371099554772733
2.2358616034744165
2.0790700920533425
1.9022052794399698
1.706945109372386
1.4951512349610305
1.2688527097758078
1.0302273630211702
0.7815809592750764
0.5253243320044646
0.26394876797400574
0.2503666608053146
0.49830182587180116
0.7413991667215499
0.97730229626112
1.2037287734000792
1.4184929940567086
1.6195276697422698
1.804903649840111
1.9728479041587565
2.1217595439233867
2.2502238177068494
2.3570240699306133
2.4411516902718695
2.5018141103874902
2.5384409187869306
2.550688165693085
2.5384409187869306
2.5018141103874902
2.4411516902718695
2.3570240699306133
2.2502238177068494
2.121759543923387
1.9728479041587568
1.8049036498401112
1.6195276697422698
1.4184929940567086
1.2037287734000799
0.9773022962611204
0.74139916672155
0.4983018258718021
0.2503666608053152
0.2367841800429615
0.47127637395720684
0.7012076698336183
0.9243549957673999
1.1385632791684444
1.3417667216090932
1.5320089395112175
1.7074617555284084
1.8664424639287944
2.0074294330670166
2.1290759466067413
2.2302222202034594
2.309905559986189
2.367368652062277
2.4020659877616395
2.4136684375022357
2.40206598776164
2.367368652062277
2.309905559986189
2.2302222202034594
2.1290759466067413
2.007429433067017
1.8664424639287946
1.7074617555284086
1.5320089395112175
1.3417667216090932
1.1385632791684448
0.9243549957674002
0.7012076698336184
0.4712763739572077
0.23678418004296203
0.22320130413346528
0.444247806311723
0.6610059087458344
0.871384178824606
1.073353829512292
1.2649684927214566
1.4443830749907138
1.6098715043099479
1.7598431991133388
1.8928581140992289
2.0076402414319725
2.10308946892669
2.1782917180877597
2.232527303692006
2.2652774726025022
2.2762290926121675
2.2652774726025022
2.232527303692006
2.1782917180877597
2.10308946892669
2.007640241431973
1.8928581140992293
1.759843199113339
1.609871504309948
1.4443830749907138
1.2649684927214566
1.0733538295122924
0.8713841788246062
0.6610059087458344
0.4442478063117238
0.22320130413346578
0.20961801152334533
0.41721595298639214
0.6207933235927521
0.8183885627173337
1.0080980268630122
1.1880943824970698
1.3566442324922436
1.5121248039898147
1.6530395374622713
1.7780324302139459
1.8859010021421074
1.9756077669248726
2.046290107579522
2.09726847127422
2.1280528141749446
2.138347242839287
2.128052814174945
2.09726847127422
2.046290107579522
1.9756077669248726
1.8859010021421077
1.7780324302139463
1.6530395374622713
1.5121248039898147
1.3566442324922436
1.1880943824970698
1.0080980268630126
0.818388562717334
0.6207933235927522
0.4172159529863929
0.2096180115233458
0.1960342806591212
0.3901806440322565
0.5805693545089247
0.7653668647301796
0.9427934736519953
1.1111404660392044
1.268786568327291
1.414213562373095
1.546020906725474
1.6629392246050905
1.7638425286967099
1.8477590650225735
1.9138806714644179
1.9615705608064609
1.9903694533443936
2.0
1.9903694533443939
1.9615705608064609
1.9138806714644179
1.8477590650225735
1.76384252869671
1.662939224605091
1.5460209067254742
1.4142135623730951
1.268786568327291
1.1111404660392044
0.9427934736519957
0.7653668647301798
0.5805693545089248
0.3901806440322572
0.19603428065912165
1.065407539908385
2.1205546227964476
3.1552796054539076
4.159617520659562
5.1238960452630264
6.038828649944108
6.895604033566693
7.6859709808254255
8.402317825959686
9.037745757255808
9.58613525637517
10.04220503266106
10.401562884854746
10.660748000394614
10.81726428493302
10.869604401089358
10.817264284933021
10.660748000394614
10.401562884854746
10.04220503266106
9.58613525637517
9.03774575725581
8.402317825959688
7.685970980825427
6.895604033566693
6.038828649944108
5.123896045263028
4.1596175206595625
3.1552796054539085
2.1205546227964516
1.0654075399083875
1.0518093251052416
2.0934051081428
3.114679406790049
4.105733837920894
5.056980325946067
5.959237202884723
6.803819410719308
7.582621784226438
8.288194643143695
8.913811177962982
9.453526355756763
9.902227284867427
10.25567514671598
10.510538920275287
10.66442118566911
10.715876298875072
10.664421185669111
10.510538920275287
10.25567514671598
9.902227284867427
9.453526355756763
8.913811177962984
8.288194643143697
7.582621784226439
6.803819410719308
5.959237202884723
5.056980325946069
4.105733837920896
3.1146794067900494
2.093405108142804
1.051809325105244
1.038212008363787
2.0662626746957184
3.074102535853126
4.051903601657395
4.990164505321192
5.879809293189023
6.712278274893402
7.479609762415535
8.17451197074928
8.790424798923379
9.321571623489856
9.763001586050189
10.110623116788005
10.361229590258365
10.51251805034576
10.56310187097719
10.51251805034576
10.361229590258365
10.110623116788005
9.763001586050189
9.321571623489858
8.790424798923382
8.17451197074928
7.479609762415536
6.712278274893402
5.879809293189023
4.990164505321194
4.051903601657396
3.0741025358531266
2.0662626746957224
1.0382120083637894
1.0246155681305409
2.039127152506247
3.0335484327776934
3.9981255291536604
4.923446185819792
5.80054099596028
6.620974782400461
7.376926823197806
8.061259236526325
8.667573463330923
9.190255359534014
9.624509887033916
9.966386738073762
10.212798416341391
10.361532319828395
10.411258229212123
10.361532319828397
10.212798416341391
9.966386738073762
9.624509887033916
9.190255359534016
8.667573463330925
8.061259236526327
7.376926823197808
6.620974782400461
5.80054099596028
4.9234461858197935
3.9981255291536617
3.0335484327776943
2.0391271525062504
1.0246155681305433
1.0110199828520223
2.0119983716254266
2.993016537698304
3.9443983376942855
4.856822969873256
5.721428386301766
6.52990308955197
7.274564874378335
7.948425868224711
8.545244014379533
9.059561863848801
9.486734138643172
9.822945953576196
10.065223804521903
10.211441434982444
10.260322485396273
10.211441434982444
10.065223804521903
9.822945953576196
9.486734138643172
9.059561863848803
8.545244014379534
7.948425868224712
7.274564874378337
6.52990308955197
5.721428386301766
4.8568229698732575
3.944398337694287
2.9930165376983044
2.01199837162543
1.0110199828520245
0.9974252309747516
1.984876162104301
2.9525062907495125
3.8907207445638665
4.790292459912975
5.642467539316753
6.439057352659413
7.17251582376221
7.836001293594321
8.423423295263131
8.92947543639378
9.349656291702528
9.680280706298246
9.918484160797444
10.062222836673334
10.11027175134605
10.062222836673335
9.918484160797444
9.680280706298246
9.349656291702528
8.929475436393782
8.423423295263133
7.836001293594322
7.172515823762211
6.439057352659413
5.642467539316753
4.790292459912977
3.8907207445638683
2.952506290749513
1.9848761621043047
0.9974252309747539
0.9838312909452473
1.9577603539939115
2.9120171320658703
3.8370914670469998
4.723852258370338
5.56365453010851
6.348431728034272
7.070771579154516
7.723974940385036
8.302098149175643
8.799980377128518
9.21325829703654
9.538370939242853
9.77255789116556
9.91385396576649
9.961083138877855
9.913853965766492
9.77255789116556
9.538370939242853
9.21325829703654
8.79998037712852
8.302098149175645
7.723974940385037
7.070771579154517
6.348431728034272
5.56365453010851
4.72385225837034
3.8370914670470015
2.9120171320658708
1.9577603539939152
0.9838312909452496
0.9702381412100296
1.9306507773453014
2.8715485017819335
3.783509222428282
4.657499967676737
5.484985433780311
6.258020371988034
6.969324048360337
7.612336236346739
8.181255419310993
8.671060986012577
9.077522105469788
9.397196595412954
9.62742340162379
9.766312263127343
9.8127337598081
9.766312263127343
9.62742340162379
9.397196595412954
9.077522105469788
8.671060986012579
8.181255419310995
7.6123362363467395
6.969324048360339
6.258020371988034
5.484985433780311
4.657499967676738
3.7835092224282834
2.871548501781934
1.930650777345305
0.9702381412100318
0.9566457602156173
1.9035472622095124
2.8310998400322536
3.729972727992307
4.5912331902635595
5.4064563254354265
6.167817440832184
6.868165139184762
7.5010746092293115
8.060881948863099
8.542701563005519
8.942429667826831
9.256870328804387
9.48753210841081
9.626823767400623
9.673403850953187
9.626823767400625
9.48753210841081
9.256870328804387
8.942429667826831
8.54270156300552
8.0608819488631
7.501074609229312
6.868165139184764
6.167817440832184
5.4064563254354265
4.591233190263561
3.7299727279923083
2.831099840032254
1.903547262209516
0.9566457602156195
0.9430541264085305
1.8764496386375873
2.7906705869513853
3.6764807010236726
4.525049528562197
5.328063280177131
6.077817090878206
6.767286759432877
7.390179486782637
7.940964581025887
8.414886408066913
8.81046517113671
9.125745513494746
9.353139937917879
9.490458511792479
9.536378782186167
9.490458511792479
9.353139937917879
9.125745513494746
8.81046517113671
8.414886408066915
7.94096458102589
7.390179486782638
6.767286759432878
6.077817090878206
5.328063280177131
4.5250495285621986
3.676480701023674
2.7906705869513857
1.8764496386375906
0.9430541264085327
0.9294632182352881
1.849357736680568
2.7502601826738813
3.6230318588069736
4.458946585004038
5.249802373108689
5.9880134784375825
6.666680816909762
7.279640296756595
7.821490158993277
8.289489910996018
8.683870514661907
8.994620698185102
9.218747767424942
9.35409325618433
9.399353713419146
9.354093256184331
9.218747767424942
8.994620698185102
8.683870514661907
8.289489910996018
7.82149015899328
7.279640296756596
6.666680816909764
5.9880134784375825
5.249802373108689
4.45894658500404
3.623031858806975
2.7502601826738817
1.8493577366805714
0.9294632182352903
0.9158730141424102
1.8222713863894977
2.709868067334296
3.569624918626807
4.392921962020474
5.1716696793333785
5.898400759821802
6.566339219420512
7.169446466901071
7.702445525959196
8.168644589101588
8.557275858187104
8.86349588287546
9.084355596932006
9.217728000576184
9.262328644652126
9.217728000576184
9.084355596932006
8.86349588287546
8.557275858187104
8.168644589101588
7.702445525959199
7.169446466901072
6.566339219420514
5.898400759821802
5.1716696793333785
4.392921962020476
3.5696249186268085
2.7098680673342965
1.822271386389501
0.9158730141424122
0.9022834925764155
1.7951904178154179
2.6694936810671814
3.516258597767768
4.326973262042895
5.093661273954469
5.808973091342344
6.4662538747702065
7.059587424965946
7.587412626384216
8.047799267207154
8.430681201712302
8.732371067565818
8.949963426439071
9.081362744968036
9.125303575885102
9.081362744968036
8.949963426439071
8.732371067565818
8.430681201712302
8.047799267207155
7.587412626384219
7.0595874249659465
6.466253874770207
5.808973091342344
5.093661273954469
4.3269732620428965
3.516258597767769
2.669493681067182
1.7951904178154214
0.9022834925764175
0.8886946319838241
1.7681146610093719
2.6291364640070936
3.462931613514453
4.26109808750269
5.015773232075232
5.719724629310696
6.366416690763932
6.950052598701101
7.473480445580772
7.926953945312724
8.3040865452375
8.601246252256175
8.815571255946137
8.94499748935989
8.988278507118082
8.944997489359892
8.815571255946137
8.601246252256175
8.3040865452375
7.926953945312724
7.473480445580774
6.9500525987011015
6.366416690763934
5.719724629310696
5.015773232075232
4.261098087502692
3.4629316135144546
2.629136464007094
1.7681146610093752
0.8886946319838263
0.8751064108111554
1.741043946022401
2.5887958562885833
3.409642683151458
4.19529404083125
4.938001628798939
5.630649530038343
6.266819575206778
6.842111433208238
7.3595482647773265
7.806108623418292
8.177491888762697
8.470121436946535
8.681179085453202
8.808632233751744
8.851253438351062
8.808632233751744
8.681179085453202
8.470121436946535
8.177491888762697
7.806108623418293
7.359548264777329
6.842111433208239
6.266819575206779
5.630649530038343
4.938001628798939
4.195294040831252
3.409642683151459
2.5887958562885838
1.7410439460224045
0.8751064108111573
0.8615188075049284
1.7139781029055485
2.548471298046206
3.356390523963378
4.1295587244599625
4.860342539228862
5.5417419498367675
6.167454435903825
6.736189622678582
7.245616083973881
7.68526330152386
8.050897232287895
8.338996621636891
8.546786914960268
8.672266978143595
8.71422836958404
8.672266978143595
8.546786914960268
8.338996621636891
8.050897232287895
7.685263301523861
7.245616083973884
6.736189622678583
6.167454435903826
5.5417419498367675
4.860342539228862
4.129558724459964
3.356390523963379
2.5484712980462065
1.713978102905552
0.8615188075049305
0.8479318005116631
1.6869169617098565
2.5081622294145145
3.30317385323481
4.063889740820221
4.782792038468272
5.452996045017455
6.068313180660163
6.630267812148928
7.131683903170438
7.564417979629429
7.924302575813092
8.20787180632725
8.412394744467333
8.53590172253545
8.577203300817018
8.53590172253545
8.412394744467333
8.20787180632725
7.924302575813092
7.564417979629429
7.1316839031704395
6.6302678121489285
6.068313180660165
5.452996045017455
4.782792038468272
4.063889740820223
3.3031738532348114
2.5081622294145145
1.6869169617098598
0.847931800511665
0.8343453682778784
1.6598603524863673
2.467868090528062
3.24999138825035
3.9982846923434128
4.705346201620441
5.364405971891889
5.969387717280878
6.524346001619273
7.0177517223669925
7.443572657734997
7.797707919338291
8.076746991017606
8.278002573974398
8.399536466927302
8.440178232049997
8.399536466927302
8.278002573974398
8.076746991017606
7.797707919338291
7.443572657734998
7.017751722366995
6.524346001619274
5.969387717280879
5.364405971891889
4.705346201620441
3.998284692343415
3.2499913882503515
2.4678680905280626
1.6598603524863706
0.8343453682778805
0.8207594892500945
1.6328081052861234
2.4275883215214025
3.196841846294593
3.932741181460929
4.628001103788639
5.275965886771557
5.871215906987925
6.418424191089617
6.903819541563548
7.322727335840565
7.671113262863487
7.945622175707963
8.143610403481464
8.263171211319156
8.303153163282976
8.263171211319156
8.143610403481464
7.945622175707963
7.671113262863487
7.322727335840566
6.903819541563551
6.418424191089617
5.871215906987925
5.275965886771557
4.628001103788639
3.9327411814609308
3.196841846294595
2.427588321521403
1.6328081052861267
0.8207594892500962
0.80717414187483
1.6057600501601672
2.3873223625290896
3.1437239446521366
3.867256810604159
4.55075282007614
5.187669945967939
5.774324551670211
6.312502380559962
6.789887360760103
7.2018820139461335
7.544518606388685
7.814497360398321
8.009218232988529
8.126805955711008
8.166128094515955
8.126805955711008
8.009218232988529
7.814497360398321
7.544518606388685
7.2018820139461335
6.789887360760106
6.3125023805599625
5.774324551670212
5.187669945967939
4.55075282007614
3.867256810604161
3.1437239446521374
2.38732236252909
1.6057600501601705
0.8071741418748318
0.7935893045986052
1.5787160171595411
2.347069653685676
3.0906364006075746
3.801829182204494
4.473597425586214
5.099512305792523
5.6774331963524975
6.206580570030306
6.675955179956658
7.081036692051701
7.417923949913883
7.683372545088679
7.874826062495593
7.990440700102861
8.029103025748935
7.990440700102862
7.874826062495593
7.683372545088679
7.417923949913883
7.081036692051702
6.67595517995666
6.206580570030307
5.677433196352498
5.099512305792523
4.473597425586214
3.8018291822044956
3.090636400607576
2.3470696536856765
1.5787160171595442
0.793589304598607
0.780004955867939
1.5516758363352874
2.3068296351257165
3.037577931445505
3.7364558986933223
4.396530995422133
5.011487122556791
5.580541841034783
6.100658759500651
6.562022999153213
6.96019137015727
7.291329293439079
7.552247729779037
7.740433892002659
7.854075444494714
7.892077956981912
7.854075444494715
7.740433892002659
7.552247729779037
7.291329293439079
6.960191370157271
6.562022999153215
6.100658759500652
5.580541841034785
5.011487122556791
4.396530995422133
3.7364558986933245
3.0375779314455063
2.306829635125717
1.5516758363352905
0.7800049558679408
0.7664210741293512
1.5246393377384486
2.2666017469837634
2.9845472544505225
3.6711345625020355
4.319549604687169
4.923588552572231
5.483650485717069
5.994736948970996
6.448090818349769
6.839346048262839
7.164734636964277
7.421122914469394
7.606041721509724
7.717710188886567
7.755052888214891
7.717710188886568
7.606041721509724
7.421122914469394
7.164734636964277
6.839346048262839
6.448090818349772
5.9947369489709965
5.483650485717071
4.923588552572231
4.319549604687169
3.6711345625020373
2.984547254450524
2.266601746983764
1.5246393377384517
0.7664210741293529
0.752837637829361
1.497606351420067
2.2263854293943712
2.9315430869072236
3.6058627760620223
4.242649328484592
4.835810752150324
5.386759130399357
5.88881513844134
6.334158637546324
6.718500726368406
7.0381399804894755
7.289998099159751
7.471649551016789
7.5813449332784195
7.618027819447869
7.58134493327842
7.471649551016789
7.289998099159751
7.0381399804894755
6.718500726368407
6.334158637546326
5.88881513844134
5.386759130399358
4.835810752150324
4.242649328484592
3.605862776062024
2.9315430869072245
2.2263854293943717
1.49760635142007
0.7528376378293629
0.739254625414488
1.470576707431185
2.186180122492093
2.8785641461002043
3.5406381418046733
4.165826241917675
4.7481478776025545
5.2898677750816425
5.782893327911685
6.22022645674288
6.597655404473976
6.911545324014672
7.1588732838501095
7.337257380523855
7.444979677670275
7.481002750680849
7.444979677670275
7.337257380523855
7.1588732838501095
6.911545324014672
6.597655404473977
6.220226456742883
5.782893327911686
5.289867775081644
4.7481478776025545
4.165826241917675
3.540638141804675
2.8785641461002056
2.1861801224920936
1.470576707431188
0.7392546254144899
0.7256720153312518
1.4435502358228454
2.1459852664114827
2.82560914931406
3.475458262161378
4.08907642008969
4.66059408524041
5.192976419763928
5.6769715173820305
6.106294275939434
6.476810082579544
6.784950667539871
7.027748468540468
7.20286521003092
7.308614422062127
7.343977681913828
7.308614422062128
7.20286521003092
7.027748468540468
6.784950667539871
6.4768100825795445
6.106294275939438
5.676971517382031
5.19297641976393
4.66059408524041
4.08907642008969
3.47545826216138
2.825609149314061
2.145985266411483
1.443550235822848
0.7256720153312535
0.7120897860261715
1.41652676664609
2.105800301287093
2.772676813833387
3.410320739563527
4.012395938103906
4.573143531375372
5.096085064446216
5.571049706852375
5.992362095135991
6.355964760685112
6.658356011065069
6.896623653230826
7.0684730395379844
7.172249166453979
7.2069526131468065
7.17224916645398
7.0684730395379844
6.896623653230826
6.658356011065069
6.355964760685112
5.992362095135992
5.571049706852376
5.096085064446217
4.573143531375372
4.012395938103906
3.4103207395635287
2.772676813833388
2.1058003012870934
1.4165267666460923
0.7120897860261731
0.698507915945767
1.389506129951961
2.0656246672534784
2.7197658569427814
3.3452231764425093
3.9357808710635975
4.4857903723189265
4.999193709128502
5.46512789632272
5.878429914332545
6.23511943879068
6.531761354590265
6.765498837921182
6.93408086904505
7.035883910845832
7.0699275443797855
7.035883910845833
6.93408086904505
6.765498837921182
6.531761354590265
6.235119438790681
5.878429914332547
5.46512789632272
4.999193709128503
4.4857903723189265
3.9357808710635975
3.345223176442511
2.7197658569427823
2.0656246672534784
1.3895061299519635
0.6985079159457687
0.6849263835365572
1.3624881557915014
2.025457804445191
2.6668749959268387
3.2801631752297156
3.859227294072034
4.398528764382557
4.9023023538107875
5.359206085793065
5.764497733529101
6.114274116896249
6.405166698115464
6.63437402261154
6.799688698552115
6.899518655237686
6.932902475612764
6.899518655237686
6.799688698552115
6.63437402261154
6.405166698115464
6.11427411689625
5.764497733529103
5.3592060857930655
4.902302353810788
4.398528764382557
3.859227294072034
3.280163175229717
2.6668749959268396
2.0254578044451916
1.3624881557915038
0.6849263835365589
0.6713451672450623
1.3354726742157534
1.9852991529967863
2.6140029480701554
3.2151383383565357
3.782731282232488
4.31135286387775
4.805410998493073
5.253284275263408
5.650565552725656
5.993428795001817
6.27857204164066
6.503249207301899
6.665296528059181
6.763153399629539
6.795877406845743
6.763153399629539
6.665296528059181
6.503249207301899
6.27857204164066
5.993428795001817
5.650565552725658
5.253284275263409
4.805410998493075
4.31135286387775
3.782731282232488
3.2151383383565375
2.6140029480701568
1.985299152996787
1.3354726742157557
0.6713451672450638
0.6577642455178012
1.3084595152757594
1.9451481530428163
2.561148430657328
3.15014626825436
3.7062889106482313
4.22433120351453
4.708519643175361
5.147362464733754
5.536633371922212
5.872583473107385
6.151977385165858
6.372124391992256
6.5309043575662455
6.626788144021392
6.658852338078722
6.6267881440213925
6.5309043575662455
6.372124391992256
6.151977385165858
5.872583473107386
5.536633371922214
5.147362464733755
4.708519643175362
4.22433120351453
3.7062889106482313
3.1501462682543617
2.5611484306573287
1.9451481530428167
1.3084595152757617
0.6577642455178028
0.6441835968012937
1.2814485090225616
1.905004244717835
2.5083101609729503
3.085184567354578
3.629896254422534
4.137403420126669
4.611628287857648
5.041440654204098
5.422701191118766
5.751738151212954
6.0253827286910555
6.240999576682614
6.39651218707331
6.490422888413245
6.5218272693117
6.490422888413246
6.39651218707331
6.240999576682614
6.0253827286910555
5.751738151212955
5.422701191118769
5.041440654204099
4.611628287857648
4.137403420126669
3.629896254422534
3.0851845673545792
2.5083101609729517
1.9050042447178355
1.2814485090225638
0.6441835968012951
0.6306031995420589
1.2544394855072027
1.8648668681563958
2.455486856301621
3.0202508380885797
3.5535493886586695
4.05047563673881
4.514736932539933
4.935518843674443
5.308769010315322
5.6308928293185225
5.898788072216253
6.109874761372971
6.262120016580376
6.354057632805097
6.384802200544679
6.354057632805098
6.262120016580376
6.109874761372971
5.898788072216253
5.6308928293185225
5.3087690103153236
4.935518843674444
4.514736932539934
4.05047563673881
3.5535493886586695
3.020250838088581
2.4554868563016217
1.8648668681563962
1.2544394855072047
0.6306031995420603
0.6170230321866165
1.227432274780725
1.8247354634930526
2.4026772339279345
2.9553426828877547
3.477244388459908
3.9635478533509496
4.417845577222219
4.829597033144789
5.1948368295118765
5.51004750742409
5.77219341574145
5.9787499460633295
6.12772784608744
6.217692377196951
6.247777131777657
6.217692377196951
6.12772784608744
5.9787499460633295
5.77219341574145
5.510047507424091
5.194836829511878
4.829597033144789
4.41784557722222
3.9635478533509496
3.477244388459908
2.955342682887756
2.4026772339279354
1.8247354634930528
1.227432274780727
0.6170230321866179
0.6034430731814859
1.2004267068941707
1.7846094708623583
2.349880011136487
2.890457704183494
3.400977328929522
3.8766200699630895
4.320954221904506
4.723675222615133
5.080904648708433
5.389202185529658
5.645598759266648
5.847625130753686
5.993335675594507
6.081327121588803
6.1107520630106364
6.081327121588803
5.993335675594507
5.847625130753686
5.645598759266648
5.389202185529659
5.080904648708434
4.723675222615133
4.320954221904507
3.8766200699630895
3.400977328929522
2.890457704183495
2.3498800111364875
1.7846094708623585
1.2004267068941727
0.6034430731814873
0.5898633009731866
1.1734226118985824
1.744488330398867
2.2970939052118737
2.8255935044071863
3.324744285170782
3.7897700703548134
4.224062866586792
4.617753412085477
4.966972467904988
5.268356863635228
5.519004102791845
5.716500315444044
5.858943505101571
5.944961865980656
5.9737269942436155
5.944961865980657
5.858943505101571
5.716500315444044
5.519004102791845
5.268356863635228
4.96697246790499
4.617753412085478
4.2240628665867925
3.7897700703548134
3.324744285170782
2.8255935044071876
2.2970939052118746
1.7444883303988672
1.1734226118985847
0.589863300973188
0.5762836940082382
1.1464198198450024
1.704371482237132
2.2443176334386923
2.7607476859902222
3.2485413322869605
3.703030498592498
4.127171511269077
4.511831601555822
4.853040287101543
5.147511541740795
5.392409446317043
5.585375500134401
5.724551334608636
5.8085966103725095
5.836701925476594
5.80859661037251
5.724551334608636
5.585375500134401
5.392409446317043
5.147511541740796
4.853040287101544
4.511831601555823
4.127171511269078
3.703030498592498
3.2485413322869605
2.7607476859902236
2.244317633438693
1.7043714822371325
1.1464198198450044
0.5762836940082395
0.5627042307331599
1.1194181607844733
1.664258366511707
2.1915499131015377
2.695917851363992
3.1723645453813285
3.616329884753619
4.030280155951364
4.405909791026167
4.739108106298097
5.026666219846363
5.26581478984224
5.454250684824759
5.590159164115701
5.672231354764362
5.699676856709573
5.672231354764363
5.590159164115701
5.454250684824759
5.26581478984224
5.026666219846364
4.739108106298099
4.405909791026167
4.030280155951365
3.616329884753619
3.1723645453813285
2.695917851363993
2.191549913101538
1.6642583665117074
1.1194181607844753
0.5627042307331611
0.5491248895944714
1.0924174647680371
1.624148423357145
2.1387894614850054
2.631101602959885
3.096209999557158
3.5296623851496625
3.9333888006336504
4.299987980496511
4.625175925494653
4.905820897951933
5.139220133367438
5.323125869515117
5.455766993622766
5.535866099156215
5.562651787942551
5.535866099156216
5.455766993622766
5.323125869515117
5.139220133367438
4.905820897951933
4.625175925494654
4.299987980496511
3.933388800633651
3.5296623851496625
3.096209999557158
2.631101602959886
2.138789461485006
1.6241484233571455
1.0924174647680391
0.5491248895944726
0.5355456490386921
1.0654175618467365
1.5840410929080002
2.086034995873693
2.566296543209292
3.0200737699177207
3.443022156092111
3.8364974453159375
4.194066169966856
4.511243744691209
4.7849755760575015
5.0126254768926355
5.192001054205475
5.3213748231298315
5.3995008435480685
5.425626719175531
5.399500843548069
5.3213748231298315
5.192001054205475
5.0126254768926355
4.7849755760575015
4.51124374469121
4.194066169966856
3.8364974453159375
3.443022156092111
3.0200737699177207
2.5662965432092935
2.086034995873693
1.5840410929080004
1.0654175618467385
0.5355456490386933
0.5219664875123413
1.0384182820716137
1.543935815298826
2.0332852335521943
2.501500274543602
2.9439519315662865
3.356403353892449
3.7396060899982237
4.088144359437201
4.397311563887764
4.664130254163069
4.886030820417833
5.060876238895832
5.186982652636898
5.263135587939921
5.288601650408509
5.263135587939922
5.186982652636898
5.060876238895832
4.886030820417833
4.664130254163069
4.397311563887765
4.088144359437202
3.739606089998224
3.356403353892449
2.9439519315662865
2.5015002745436035
2.0332852335521947
1.543935815298826
1.0384182820716157
0.5219664875123425
0.5083873834619387
1.0114194554937113
1.5038320306641753
1.9805388918051068
2.4367103993942054
2.8678405596061296
3.2698001348621633
3.64271473468051
3.9822225489075453
4.28337938308432
4.543284932268637
4.759436163943031
4.929751423586191
5.0525904821439624
5.126770332331773
5.151576581641488
5.126770332331775
5.0525904821439624
4.929751423586191
4.759436163943031
4.543284932268638
4.283379383084321
3.9822225489075462
3.64271473468051
3.2698001348621633
2.8678405596061296
2.4367103993942063
1.9805388918051072
1.5038320306641757
1.0114194554937133
0.5083873834619398
0.49480831533400355
0.9844209121640716
1.4637291791386022
1.9277946879170258
2.3719245201924926
2.791735729140519
3.1832066553127354
3.545823379362796
3.87630073837789
4.169447202280875
4.422439610374205
4.632841507468227
4.798626608276549
4.918198311651027
4.990405076723627
5.014551512874466
4.990405076723627
4.918198311651027
4.798626608276549
4.632841507468227
4.422439610374206
4.1694472022808755
3.876300738377891
3.5458233793627967
3.1832066553127354
2.791735729140519
2.3719245201924934
1.9277946879170265
1.4637291791386027
0.9844209121640733
0.4948083153340047
0.4812292615750555
0.9574224821337369
1.42362670085666
1.875051339172548
2.3071402393698532
2.715633515272728
3.096617071555652
3.448932024045082
3.7703789278482347
4.05551502147743
4.301594288479774
4.506246850993425
4.667501792966906
4.783806141158092
4.854039821115481
4.8775264441074455
4.854039821115481
4.783806141158092
4.667501792966906
4.506246850993425
4.301594288479774
4.055515021477431
3.7703789278482356
3.4489320240450825
3.096617071555652
2.715633515272728
2.307140239369854
1.8750513391725485
1.4236267008566603
0.9574224821337387
0.4812292615750566
0.467650200631614
0.9304239954537497
1.3835240359529026
1.8223075628562686
2.2423551593576767
2.6395299931060268
3.0100255399023967
3.3520406687273687
3.6644571173185794
3.9415828406739855
4.180748966585343
4.3796521945186235
4.536376977657264
4.649413970665159
4.717674565507334
4.740501375340425
4.717674565507334
4.649413970665159
4.536376977657264
4.3796521945186235
4.180748966585344
3.9415828406739863
3.6644571173185803
3.352040668727369
3.0100255399023967
2.6395299931060268
2.2423551593576776
1.822307562856269
1.3835240359529026
0.9304239954537514
0.46765020063161505
0.4540711109501983
0.9034252821751523
1.3434206245618832
1.7695620762527837
2.1775668825873535
2.5634212377436882
2.923426216664454
3.2551493134096554
3.558535306788925
3.827650659870541
4.059903644690911
4.253057538043821
4.405252162347622
4.515021800172223
4.581309309899186
4.603476306573404
4.581309309899186
4.515021800172223
4.405252162347622
4.253057538043821
4.059903644690911
3.8276506598705415
3.558535306788926
3.255149313409656
2.923426216664454
2.5634212377436882
2.177566882587355
1.7695620762527842
1.3434206245618834
0.9034252821751539
0.45407111095019936
0.4404919709773281
0.8764261723489872
1.303315906818155
1.7168135966466898
2.112773011490274
2.4873033242889835
2.836813258153308
3.1582579580919417
3.452613496259269
3.713718479067096
3.9390583227964795
4.126462881569018
4.27412734703798
4.380629629679288
4.44494405429104
4.466451237806382
4.44494405429104
4.380629629679288
4.27412734703798
4.126462881569018
3.93905832279648
3.7137184790670967
3.4526134962592696
3.158257958091942
2.836813258153308
2.4873033242889835
2.1127730114902747
1.71681359664669
1.3033159068181552
0.8764261723489888
0.4404919709773291
0.42691275915952276
0.8494264960262967
1.2632093228562722
1.6640608413225817
2.0479711484978274
2.411172327845184
2.7501808206804434
3.061829746063144
3.346691685729614
3.5997862982636515
3.8182130009020474
3.999868225094216
4.143002531728337
4.246237459186354
4.308578798682892
4.329426169039361
4.308578798682893
4.246237459186354
4.143002531728337
3.999868225094216
3.8182130009020483
3.599786298263652
3.3466916857296143
3.061829746063145
2.7501808206804434
2.411172327845184
2.0479711484978282
1.664060841322582
1.2632093228562724
0.8494264960262983
0.42691275915952376
0.4133334539433018
0.8224260832581233
1.2231003128107878
1.6113025275650568
1.983158896041404
2.3350243235155603
2.6635230605573454
2.965580101802118
3.2407698751999585
3.4858541174602067
3.697367679007616
3.873273568619413
4.011877716418695
4.111845288693418
4.172213543074745
4.19240110027234
4.172213543074746
4.111845288693418
4.011877716418695
3.873273568619413
3.697367679007616
3.485854117460207
3.240769875199959
2.965580101802118
2.6635230605573454
2.3350243235155603
1.9831588960414048
1.611302527565057
1.223100312810788
0.8224260832581247
0.41333345394330273
0.3997540337751846
0.7954247640955092
1.1829883168162554
1.5585373726587097
1.9183338565523935
2.2588553864033853
2.576834134095498
2.8692872991682163
3.1348480646703036
3.3719219366567614
3.576522357113184
3.7466789121446107
3.8807529011090525
3.9774531182004838
4.035848287466598
4.055376031505318
4.035848287466599
3.9774531182004838
3.8807529011090525
3.7466789121446107
3.5765223571131846
3.3719219366567623
3.134848064670304
2.869287299168217
2.576834134095498
2.2588553864033853
1.9183338565523944
1.5585373726587102
1.1829883168162558
0.7954247640955108
0.3997540337751856
0.3861744771016907
0.768422368589497
1.1428727750072292
1.5057640938881374
1.8534936324621865
2.18266159161193
2.4901081976063852
2.772943245966526
3.028926254140648
3.257989755853317
3.455677035218753
3.620084255669808
3.74962808579941
3.8430609477075484
3.899483031858451
3.918350962738297
3.899483031858452
3.8430609477075484
3.74962808579941
3.620084255669808
3.455677035218753
3.257989755853317
3.0289262541406483
2.7729432459665264
2.4901081976063852
2.18266159161193
1.8534936324621873
1.5057640938881378
1.1428727750072294
0.7684223685894984
0.3861744771016916
0.3725947623693396
0.741418726791129
1.1027531275182616
1.4529814085379356
1.7886358262021722
2.106439014244466
2.4033394074014924
2.676539850002132
2.923519181150634
3.144057575049872
3.3348317133243213
3.493489599195006
3.618503270489768
3.7086687772146134
3.7631177762503043
3.7813258939712755
3.7631177762503043
3.7086687772146134
3.618503270489768
3.493489599195006
3.3348317133243213
3.1440575750498727
2.923519181150634
2.6765398500021322
2.4033394074014924
2.106439014244466
1.788635826202173
1.452981408537936
1.1027531275182618
0.7414187267911303
0.3725947623693404
0.3590148680246507
0.7144136687514476
1.0626288144839071
1.4001880338927
1.7237580402037413
2.0301837294042655
2.3165219197923035
2.5800690190801205
2.8183824109348135
3.030125394246427
3.2139863914298896
3.366894942720203
3.4873784551801252
3.5742766067216794
3.6267525206421576
3.6443008252042546
3.626752520642158
3.5742766067216794
3.4873784551801252
3.366894942720203
3.2139863914298896
3.0301253942464275
2.818382410934814
2.580069019080121
2.3165219197923035
2.0301837294042655
1.7237580402037422
1.4001880338927006
1.0626288144839071
0.714413668751449
0.3590148680246515
0.3454347725141434
0.6874070245214952
1.0224992760387186
1.347382687237027
1.6588578768982833
1.9538918121945992
2.229649891090302
2.4835226610055776
2.71314696638456
2.9164216645087726
3.0931410695354584
3.2403002862454002
3.356253639870483
3.439884436228744
3.4903872650340104
3.507275756437233
3.490387265034011
3.439884436228744
3.356253639870483
3.2403002862454002
3.0931410695354584
2.9164216645087735
2.713146966384561
2.483522661005578
2.229649891090302
1.9538918121945992
1.658857876898284
1.3473826872370271
1.0224992760387188
0.6874070245214965
0.34543477251414423
0.33185445428433735
0.6603986241523143
0.9823639523172499
1.2945640858555119
1.5939329387171886
1.8775593377187385
2.1427174776069746
2.3868926835835893
2.607802275249756
2.803411619862162
2.972295747641026
3.1137056297705987
3.2251288245608407
3.3054922657358095
3.3540220094258637
3.3702506876702123
3.3540220094258637
3.3054922657358095
3.2251288245608407
3.1137056297705987
2.9722957476410263
2.8034116198621635
2.6078022752497563
2.3868926835835897
2.1427174776069746
1.8775593377187385
1.5939329387171892
1.2945640858555123
0.98236395231725
0.6603986241523155
0.33185445428433813
0.3182738917817518
0.633388297694947
0.9422222834540546
1.2417309470327513
1.5289808280918464
1.8011823810799557
2.0557188356538045
2.2901709946192406
2.5023377652802825
2.6902524647466755
2.852195163502743
2.987110973295796
3.094004009251199
3.1711000952428745
3.217656753817717
3.233225618903191
3.217656753817717
3.1711000952428745
3.094004009251199
2.987110973295796
2.8521951635027434
2.690252464746676
2.502337765280283
2.290170994619241
2.0557188356538045
1.8011823810799557
1.5289808280918469
1.2417309470327516
0.9422222834540546
0.6333882976949481
0.3182738917817525
0.30469306345290637
0.6063758752004359
0.9020737095836859
1.1888819880533406
1.4639991474536473
1.7247570173815219
1.9686481215422758
2.193349501917619
2.396742864226022
2.5769310423562346
2.732250962169397
2.8612834368517532
2.962879193941556
3.0367079247499396
3.0812914982095694
3.0962005501361696
3.08129149820957
3.0367079247499396
2.962879193941556
2.8612834368517532
2.732250962169397
2.576931042356235
2.3967428642260225
2.1933495019176195
1.9686481215422758
1.7247570173815219
1.463999147453648
1.1888819880533408
0.9020737095836862
0.606375875200437
0.3046930634529071
0.2911119477443205
0.5793611867198234
0.8619176708406976
1.1360159262018763
1.398985499233981
1.6482793217267087
1.8814994915838739
2.096420113283809
2.291006999836857
2.4634341958847625
2.6120974269635706
2.7356247015687227
2.83288438142301
2.902991085117361
2.9453097984054573
2.959458531906258
2.945309798405458
2.902991085117361
2.83288438142301
2.7356247015687227
2.612097426963571
2.4634341958847634
2.2910069998368576
2.0964201132838096
1.8814994915838739
1.6482793217267087
1.3989854992339816
1.1360159262018765
0.8619176708406977
0.5793611867198245
0.29111194774432114
0.2775305231025136
0.5523440623041518
0.8217536073596432
1.083131478762954
1.3339374858642377
1.5717453692187875
1.794267102090082
1.9993747365228969
2.18511959986267
2.349748768526182
2.491718857844828
2.6097072614378116
2.7026210439932212
2.7696037329125747
2.810040264974266
2.823560324711502
2.8100402649742664
2.7696037329125747
2.7026210439932212
2.6097072614378116
2.4917188578448286
2.3497487685261826
2.1851195998626705
1.9993747365228975
1.794267102090082
1.5717453692187875
1.3339374858642383
1.0831314787629545
0.8217536073596432
0.5523440623041529
0.27753052310251425
0.2639487679740051
0.5253243320044636
0.7815809592750762
1.03022736302117
1.268852709775807
1.4951512349610305
1.706945109372386
1.902205279439969
2.0790700920533425
2.235861603474416
2.3710995547727327
2.4835130672835866
2.572050165941861
2.6358852726701034
2.674424824812948
2.6873111653683095
2.6744248248129483
2.6358852726701034
2.572050165941861
2.4835130672835866
2.371099554772733
2.2358616034744165
2.0790700920533425
1.9022052794399698
1.706945109372386
1.4951512349610305
1.2688527097758078
1.0302273630211702
0.7815809592750764
0.5253243320044646
0.26394876797400574
0.2503666608053146
0.49830182587180116
0.7413991667215499
0.97730229626112
1.2037287734000792
1.4184929940567086
1.6195276697422698
1.804903649840111
1.9728479041587565
2.1217595439233867
2.2502238177068494
2.3570240699306133
2.4411516902718695
2.5018141103874902
2.5384409187869306
2.550688165693085
2.5384409187869306
2.5018141103874902
2.4411516902718695
2.3570240699306133
2.2502238177068494
2.121759543923387
1.9728479041587568
1.8049036498401112
1.6195276697422698
1.4184929940567086
1.2037287734000799
0.9773022962611204
0.74139916672155
0.4983018258718021
0.2503666608053152
0.2367841800429615
0.47127637395720684
0.7012076698336183
0.9243549957673999
1.1385632791684444
1.3417667216090932
1.5320089395112175
1.7074617555284084
1.8664424639287944
2.0074294330670166
2.1290759466067413
2.2302222202034594
2.309905559986189
2.367368652062277
2.4020659877616395
2.4136684375022357
2.40206598776164
2.367368652062277
2.309905559986189
2.2302222202034594
2.1290759466067413
2.007429433067017
1.8664424639287946
1.7074617555284086
1.5320089395112175
1.3417667216090932
1.1385632791684448
0.9243549957674002
0.7012076698336184
0.4712763739572077
0.23678418004296203
0.22320130413346528
0.444247806311723
0.6610059087458344
0.871384178824606
1.073353829512292
1.2649684927214566
1.4443830749907138
1.6098715043099479
1.7598431991133388
1.8928581140992289
2.0076402414319725
2.10308946892669
2.1782917180877597
2.232527303692006
2.2652774726025022
2.2762290926121675
2.2652774726025022
2.232527303692006
2.1782917180877597
2.10308946892669
2.007640241431973
1.8928581140992293
1.759843199113339
1.609871504309948
1.4443830749907138
1.2649684927214566
1.0733538295122924
0.8713841788246062
0.6610059087458344
0.4442478063117238
0.22320130413346578
0.20961801152334533
0.41721595298639214
0.6207933235927521
0.8183885627173337
1.0080980268630122
1.1880943824970698
1.3566442324922436
1.5121248039898147
1.6530395374622713
1.7780324302139459
1.8859010021421074
1.9756077669248726
2.046290107579522
2.09726847127422
2.1280528141749446
2.138347242839287
2.128052814174945
2.09726847127422
2.046290107579522
1.9756077669248726
1.8859010021421077
1.7780324302139463
1.6530395374622713
1.5121248039898147
1.3566442324922436
1.1880943824970698
1.0080980268630126
0.818388562717334
0.6207933235927522
0.4172159529863929
0.2096180115233458
0.1960342806591212
0.3901806440322565
0.5805693545089247
0.7653668647301796
0.9427934736519953
1.1111404660392044
1.268786568327291
1.414213562373095
1.546020906725474
1.6629392246050905
1.7638425286967099
1.8477590650225735
1.9138806714644179
1.9615705608064609
1.9903694533443936
2.0
1.9903694533443939
1.9615705608064609
1.9138806714644179
1.8477590650225735
1.76384252869671
1.662939224605091
1.5460209067254742
1.4142135623730951
1.268786568327291
1.1111404660392044
0.9427934736519957
0.7653668647301798
0.5805693545089248
0.3901806440322572
0.19603428065912165
