-0.998692
-0.990858
-0.983022
-0.975183
-0.967342
-0.959499
-0.9516540000000001
-0.9438059999999999
-0.935958
-0.928109
-0.9202620000000001
-0.912414
-0.9045700000000001
-0.8967299999999999
-0.8888969999999999
-0.8810709999999999
-0.8732549999999999
-0.86545
-0.857656
-0.849873
-0.842102
-0.8343440000000001
-0.8265959999999999
-0.818862
-0.811138
-0.803425
-0.795721
-0.788024
-0.780332
-0.772644
-0.7649560000000001
-0.757266
-0.7495729999999999
-0.741873
-0.734165
-0.726448
-0.718719
-0.710979
-0.703227
-0.695463
-0.6876899999999999
-0.67991
-0.6721229999999999
-0.664333
-0.656542
-0.6487539999999999
-0.640971
-0.633193
-0.625422
-0.6176590000000001
-0.609905
-0.602158
-0.594418
-0.586683
-0.578952
-0.571221
-0.563488
-0.55575
-0.548007
-0.540255
-0.5324939999999999
-0.524722
-0.51694
-0.509146
-0.501342
-0.49352700000000005
-0.485702
-0.477868
-0.470026
-0.46217700000000006
-0.454323
-0.44646499999999995
-0.43860299999999997
-0.43073999999999996
-0.422875
-0.415009
-0.407142
-0.399275
-0.391409
-0.383542
-0.375676
-0.36780999999999997
-0.35994299999999996
-0.352074
-0.344204
-0.336331
-0.328455
-0.320577
-0.31269600000000003
-0.304814
-0.29693
-0.289046
-0.281163
-0.273282
-0.265403
-0.25752800000000003
-0.24965700000000002
-0.24179
-0.233927
-0.22607
-0.218217
-0.21036999999999997
-0.20252799999999999
-0.194689
-0.186855
-0.179024
-0.171194
-0.163367
-0.155542
-0.14771900000000002
-0.139901
-0.132088
-0.12428299999999999
-0.11648499999999999
-0.108695
-0.100912
-0.0931353
-0.08536619999999999
-0.07760139999999999
-0.06984320000000001
-0.0620899
-0.0543404
-0.046594800000000006
-0.0388477
-0.031099900000000003
-0.023344200000000002
-0.015578700000000001
-0.00779948
1.36381e-07
