-1.5083899999999998e-10
0.00773187
0.0153415
0.022828900000000003
0.030194
0.037436699999999996
0.044557
0.0515548
0.0584302
0.0651829
0.0718135
0.0783216
0.08470760000000001
0.0909717
0.09711439999999999
0.1
0.1
0.1
0.1
0.1
0.1
0.1
0.1
0.1
0.1
0.1
0.1
0.1
0.1
0.1
0.1
0.1
0.1
0.1
0.1
0.1
0.1
0.1
0.1
0.1
0.1
0.1
0.1
0.1
0.1
0.1
0.1
0.1
0.1
0.1
0.1
0.1
0.1
0.1
0.1
0.1
0.1
0.1
0.1
0.1
0.1
0.1
0.1
0.1
0.1
0.1
0.1
0.1
0.1
0.1
0.1
0.1
0.1
0.1
0.1
0.1
0.1
0.1
0.1
0.1
0.1
0.1
0.1
0.1
0.1
0.1
0.1
0.1
0.1
0.1
0.1
0.1
0.1
0.1
0.1
0.1
0.1
0.1
0.1
0.1
0.1
0.1
0.1
0.1
0.1
0.1
0.1
0.1
0.1
0.1
0.1
0.1
0.1
0.1
0.0967217
0.0905736
0.08431
0.07793380000000001
0.07144199999999999
0.0648371
0.05811759999999999
0.0512827
0.0443325
0.0372616
0.0300709
0.0227527
0.015305000000000001
0.00772309
-1.36107e-07
