-1.5083899999999998e-10
0.00773187
0.0153415
0.022828900000000003
0.030194
0.037436699999999996
0.044557
0.0515548
0.0584302
0.0651829
0.0718135
0.0783216
0.08470760000000001
0.0909717
0.09711439999999999
0.10313599999999999
0.109036
0.114816
0.120477
0.12601700000000002
0.131439
0.136742
0.141926
0.146992
0.15194000000000002
0.15677
0.16148099999999999
0.166075
0.170549
0.174905
0.179142
0.183259
0.187255
0.19113
0.194883
0.198512
0.202017
0.205398
0.20865300000000003
0.21178200000000003
0.214784
0.21766100000000002
0.22041100000000002
0.223036
0.22553600000000001
0.22791199999999998
0.230165
0.23229499999999997
0.23430399999999998
0.236193
0.237961
0.23961
0.24114000000000002
0.242549
0.243839
0.245008
0.246054
0.24697800000000003
0.24777800000000003
0.248455
0.249007
0.249435
0.24973800000000002
0.249917
0.24997199999999997
0.24990199999999999
0.24971
0.249394
0.248955
0.248394
0.24771100000000001
0.24690700000000002
0.245981
0.24493299999999998
0.24376399999999998
0.24247399999999997
0.241062
0.23952800000000002
0.237873
0.236096
0.234198
0.23217800000000002
0.23003600000000002
0.227771
0.225384
0.22287300000000002
0.220239
0.217481
0.2146
0.211594
0.208465
0.205213
0.201837
0.19833900000000002
0.194718
0.190975
0.18711
0.183123
0.179013
0.174782
0.170428
0.165952
0.161355
0.156634
0.151792
0.14682699999999999
0.14174
0.13652899999999998
0.131197
0.125744
0.120172
0.114482
0.108677
0.10275699999999999
0.0967217
0.0905736
0.08431
0.07793380000000001
0.07144199999999999
0.0648371
0.05811759999999999
0.0512827
0.0443325
0.0372616
0.0300709
0.0227527
0.015305000000000001
0.00772309
-1.36107e-07
