-1.51036e-10
0.0078032
0.0156065
0.0234099
0.031213400000000002
0.03901690000000001
0.0468206
0.054624400000000004
0.06242819999999999
0.070232
0.07803589999999999
0.08584
0.09364410000000001
0.101448
0.109253
0.117057
0.12486199999999999
0.132667
0.140472
0.148278
0.156085
0.163892
0.1717
0.179508
0.187317
0.195127
0.20293699999999998
0.210748
0.21856
0.226373
0.234186
0.24200100000000002
0.24981599999999998
0.257632
0.265448
0.273264
0.28108
0.28889499999999996
0.29670799999999997
0.304519
0.312327
0.320132
0.327933
0.33573000000000003
0.343521
0.35130700000000004
0.359088
0.366863
0.374634
0.382399
0.39016100000000004
0.397919
0.405673
0.413425
0.42117299999999996
0.42891899999999994
0.436663
0.444404
0.45214499999999996
0.459884
0.467624
0.475365
0.483108
0.49085500000000004
0.498605
0.50636
0.514121
0.521889
0.529663
0.5374439999999999
0.5452319999999999
0.553026
0.5608270000000001
0.5686329999999999
0.576445
0.5842609999999999
0.592082
0.599906
0.607735
0.615567
0.6234029999999999
0.6312439999999999
0.6390899999999999
0.646941
0.654798
0.66266
0.6705300000000001
0.6784060000000001
0.686288
0.694176
0.7020689999999999
0.709966
0.717865
0.725767
0.7336689999999999
0.74157
0.7494689999999999
0.757363
0.765252
0.7731319999999999
0.7810020000000001
0.78886
0.796705
0.804535
0.8123520000000001
0.820155
0.827945
0.835722
0.8434860000000001
0.851239
0.85898
0.866711
0.874432
0.882144
0.889848
0.897547
0.905242
0.912935
0.9206280000000001
0.9283239999999999
0.936024
0.943731
0.9514469999999999
0.9591729999999999
0.9669129999999999
0.974663
0.9824290000000001
0.9902059999999999
0.9979899999999999
