-0.995122
-0.987344
-0.979565
-0.971786
-0.964008
-0.9562299999999999
-0.9484520000000001
-0.940674
-0.932896
-0.925118
-0.917342
-0.9095639999999999
-0.9017870000000001
-0.8940100000000001
-0.8862329999999999
-0.8784559999999999
-0.8706790000000001
-0.8629030000000001
-0.855126
-0.84735
-0.839575
-0.831799
-0.824024
-0.81625
-0.808475
-0.8007
-0.792927
-0.785153
-0.7773800000000001
-0.7696069999999999
-0.761833
-0.754059
-0.746286
-0.738513
-0.730741
-0.722968
-0.715197
-0.707425
-0.699654
-0.6918810000000001
-0.68411
-0.676338
-0.668567
-0.660796
-0.653025
-0.645254
-0.637483
-0.629713
-0.621942
-0.61417
-0.6064
-0.59863
-0.590859
-0.5830890000000001
-0.575318
-0.5675479999999999
-0.5597770000000001
-0.552007
-0.544237
-0.536466
-0.528695
-0.520925
-0.513154
-0.505383
-0.497612
-0.48984099999999997
-0.48207
-0.47429899999999997
-0.466527
-0.45875600000000005
-0.450984
-0.443212
-0.43543999999999994
-0.42766800000000005
-0.419896
-0.41212299999999996
-0.404351
-0.39657800000000004
-0.388804
-0.38103200000000004
-0.373258
-0.36548400000000003
-0.35771
-0.349936
-0.34216199999999997
-0.334388
-0.326613
-0.318838
-0.31106300000000003
-0.303288
-0.295513
-0.28773699999999997
-0.279961
-0.272185
-0.26441
-0.25663400000000003
-0.248858
-0.241081
-0.23330399999999998
-0.225528
-0.21775100000000003
-0.20997399999999997
-0.20219700000000002
-0.19442
-0.186643
-0.178866
-0.17108900000000002
-0.16331199999999998
-0.15553499999999998
-0.147757
-0.13998
-0.132203
-0.124425
-0.116648
-0.10887100000000001
-0.101094
-0.0933166
-0.0855395
-0.07776260000000002
-0.0699857
-0.062209
-0.054432299999999996
-0.046655800000000004
-0.0388794
-0.031103199999999998
-0.0233271
-0.0155512
-0.00777551
2.47257e-19
