Residual: 
14.477
11.7911
9.63055
7.89435
6.50086
5.38399
4.49015
3.77577
3.20532
2.74978
2.38543
2.09296
1.85668
1.66407
1.50517
1.37224
1.25934
1.16194
1.07667
1.001
0.933054
0.871431
0.815093
0.76325
0.715304
0.670782
0.62932
0.590618
0.554432
0.520551
0.488802
0.459026
0.431087
0.404859
0.380234
0.357105
0.335382
0.314975
0.295803
0.27779
0.260866
0.244964
0.230024
0.215985
0.202796
0.190405
0.178763
0.167824
0.157548
0.147895
0.138825
0.130308
0.122306
0.114791
0.107731
0.101101
0.0948753
0.0890264
0.0835359
0.0783791
0.0735347
0.0689905
0.064723
0.0607153
0.0569529
0.0534207
0.0501057
0.0469941
0.0440723
0.0413315
0.0387596
0.0363445
0.0340793
0.0319536
0.0299593
0.0280877
0.0263314
0.0246851
0.0231386
0.0216882
0.0203286
0.019054
0.0178574
0.0167348
0.0156838
0.0146966
0.0137704
0.0129039
0.0120905
0.0113266
0.0106118
0.00994096
0.00931184
0.00872333
0.00817186
0.00765282
0.00716948
0.00671248
0.00628638
0.00588639
0.00551215
0.0051627
0.00483297
0.00452586
0.00423445
0.00396584
0.00371233
0.00347465
0.00325245
0.00304342
0.00284831
0.00266763
0.00249453
0.00233354
0.00218361
0.00204282
0.00191194
0.00178922
0.00167099
0.00156373
0.0014652
0.00136941
0.00128032
0.0011967
0.00111997
0.00104708
0.000979759
Residual: 
0.0348774
0.0329099
0.0310595
0.0293132
0.0276694
0.0261222
0.02466
0.0232789
0.0219779
0.0207487
0.0195888
0.0184939
0.0174582
0.0164799
0.015554
0.014682
0.0138569
0.0130792
0.0123424
0.0116477
0.0109921
0.0103694
0.00978229
0.00922873
0.00870446
0.00820953
0.00774428
0.00730062
0.00688493
0.0064911
0.00611937
0.00576869
0.00543684
0.00512488
0.00482857
0.00455056
0.00428605
0.00403951
0.0038055
0.00358321
0.00337396
0.00317772
0.00299127
0.00281683
0.00265217
0.00249598
0.00234892
0.00220871
0.0020791
0.00195707
0.00184192
0.00173092
0.00162695
0.00153178
0.00144025
0.00135305
0.00126961
0.00119539
0.00112427
0.00105632
0.000989223
Residual: 
0.00155636
0.00146779
0.00138453
0.00130669
0.00123175
0.00116048
0.00109532
0.00103157
0.000972909
Residual: 
0.000926219
