          0
          0
          0
          0
          0
          0
          0
          0
          0
          0
          0
          0
          0
          0
          0
          0
          0
          0
          0
          0
          0
          0
          0
          0
          0
          0
          0
          0
          0
          0
          0
          0
          0
          0
          0
          0
          0
          0
          0
          0
          0
          0
          0
          0
          0
          0
          0
          0
          0
          0
          0
          0
          0
          0
          0
          0
          0
          0
          0
          0
          0
          0
          0
1.86617e-05
7.44671e-05
0.000166879
0.000295006
0.000457617
0.000653143
0.000879703
 0.00113511
 0.00141692
  0.0017224
 0.00204861
 0.00239242
 0.00275052
 0.00311945
 0.00349566
 0.00387552
 0.00425539
  0.0046316
 0.00500053
 0.00535862
 0.00570243
 0.00602865
 0.00633413
 0.00661593
 0.00687135
 0.00709791
 0.00729343
 0.00745605
 0.00758418
 0.00767659
 0.00773239
 0.00775106
 0.00773239
 0.00767659
 0.00758418
 0.00745605
 0.00729343
 0.00709791
 0.00687134
 0.00661593
 0.00633413
 0.00602865
 0.00570243
 0.00535862
 0.00500053
  0.0046316
 0.00425539
 0.00387552
 0.00349566
 0.00311945
 0.00275052
 0.00239242
 0.00204861
  0.0017224
 0.00141692
 0.00113511
0.000879703
0.000653143
0.000457617
0.000295007
0.000166879
7.44671e-05
1.86617e-05
3.70296e-05
0.000147762
 0.00033113
0.000585369
 0.00090803
   0.001296
 0.00174556
 0.00225236
 0.00281153
 0.00341768
 0.00406498
 0.00474719
 0.00545774
 0.00618978
 0.00693628
 0.00769004
 0.00844379
 0.00919029
 0.00992234
  0.0106329
  0.0113151
  0.0119624
  0.0125685
  0.0131277
  0.0136345
  0.0140841
   0.014472
  0.0147947
  0.0150489
  0.0152323
  0.0153431
  0.0153801
  0.0153431
  0.0152323
  0.0150489
  0.0147947
   0.014472
  0.0140841
  0.0136345
  0.0131277
  0.0125685
  0.0119624
  0.0113151
  0.0106329
 0.00992234
 0.00919029
 0.00844379
 0.00769004
 0.00693628
 0.00618979
 0.00545774
 0.00474719
 0.00406498
 0.00341768
 0.00281153
 0.00225236
 0.00174556
   0.001296
 0.00090803
0.000585369
 0.00033113
0.000147762
3.70296e-05
5.51037e-05
0.000219884
0.000492755
0.000871087
 0.00135124
 0.00192858
 0.00259756
 0.00335173
 0.00418383
 0.00508584
 0.00604909
 0.00706428
 0.00812165
 0.00921101
  0.0103219
  0.0114435
  0.0125652
  0.0136761
  0.0147654
  0.0158228
   0.016838
  0.0178012
  0.0187032
  0.0195353
  0.0202895
  0.0209585
  0.0215358
   0.022016
  0.0223943
  0.0226671
  0.0228319
   0.022887
  0.0228319
  0.0226672
  0.0223943
   0.022016
  0.0215358
  0.0209585
  0.0202895
  0.0195353
  0.0187032
  0.0178012
   0.016838
  0.0158228
  0.0147654
  0.0136761
  0.0125652
  0.0114435
  0.0103219
 0.00921101
 0.00812165
 0.00706428
 0.00604909
 0.00508584
 0.00418383
 0.00335173
 0.00259756
 0.00192858
 0.00135124
0.000871087
0.000492755
0.000219884
5.51038e-05
7.28842e-05
0.000290835
0.000651753
 0.00115216
 0.00178725
 0.00255088
 0.00343572
 0.00443324
 0.00553384
  0.0067269
 0.00800095
 0.00934372
  0.0107423
  0.0121831
  0.0136524
   0.015136
  0.0166196
  0.0180889
  0.0195297
  0.0209283
   0.022271
  0.0235451
  0.0247382
  0.0258387
  0.0268363
  0.0277211
  0.0284847
  0.0291198
  0.0296202
  0.0299812
  0.0301991
   0.030272
  0.0301991
  0.0299812
  0.0296202
  0.0291198
  0.0284847
  0.0277211
  0.0268363
  0.0258387
  0.0247381
  0.0235451
   0.022271
  0.0209283
  0.0195297
  0.0180889
  0.0166196
   0.015136
  0.0136524
  0.0121831
  0.0107423
 0.00934371
 0.00800095
  0.0067269
 0.00553383
 0.00443324
 0.00343572
 0.00255088
 0.00178724
 0.00115216
0.000651753
0.000290835
7.28841e-05
9.03705e-05
0.000360612
0.000808121
 0.00142859
 0.00221604
 0.00316289
 0.00426002
 0.00549687
 0.00686152
 0.00834082
 0.00992055
  0.0115855
  0.0133196
  0.0151061
  0.0169279
  0.0187675
   0.020607
  0.0224288
  0.0242154
  0.0259495
  0.0276144
  0.0291941
  0.0306734
  0.0320381
  0.0332749
   0.034372
  0.0353189
  0.0361063
  0.0367268
  0.0371743
  0.0374445
  0.0375349
  0.0374445
  0.0371743
  0.0367268
  0.0361063
  0.0353189
   0.034372
  0.0332749
   0.032038
  0.0306734
  0.0291941
  0.0276144
  0.0259495
  0.0242154
  0.0224288
   0.020607
  0.0187675
  0.0169279
  0.0151061
  0.0133196
  0.0115855
 0.00992054
 0.00834082
 0.00686151
 0.00549686
 0.00426002
 0.00316289
 0.00221604
 0.00142859
0.000808121
0.000360612
9.03704e-05
0.000107563
0.000429217
0.000961863
 0.00170037
 0.00263763
 0.00376462
 0.00507047
 0.00654262
 0.00816689
 0.00992763
  0.0118079
  0.0137896
  0.0158535
    0.01798
  0.0201484
  0.0223379
  0.0245274
  0.0266958
  0.0288223
  0.0308862
  0.0328679
  0.0347482
  0.0365089
  0.0381332
  0.0396053
  0.0409112
  0.0420381
  0.0429754
  0.0437139
  0.0442465
  0.0445682
  0.0446758
  0.0445682
  0.0442465
  0.0437139
  0.0429754
  0.0420381
  0.0409112
  0.0396053
  0.0381332
  0.0365089
  0.0347482
  0.0328679
  0.0308862
  0.0288223
  0.0266958
  0.0245274
  0.0223379
  0.0201484
    0.01798
  0.0158535
  0.0137896
  0.0118079
 0.00992762
 0.00816688
 0.00654262
 0.00507047
 0.00376462
 0.00263763
 0.00170037
0.000961863
0.000429217
0.000107563
0.000124462
0.000496649
 0.00111298
 0.00196751
 0.00305202
 0.00435606
 0.00586707
 0.00757051
 0.00944996
  0.0114873
   0.013663
   0.015956
  0.0183442
  0.0208047
  0.0233138
  0.0258473
  0.0283808
  0.0308898
  0.0333503
  0.0357386
  0.0380316
  0.0402072
  0.0422446
   0.044124
  0.0458274
  0.0473385
  0.0486425
   0.049727
  0.0505815
  0.0511978
    0.05157
  0.0516945
    0.05157
  0.0511978
  0.0505815
   0.049727
  0.0486425
  0.0473385
  0.0458274
   0.044124
  0.0422446
  0.0402072
  0.0380316
  0.0357386
  0.0333503
  0.0308898
  0.0283808
  0.0258473
  0.0233138
  0.0208047
  0.0183442
   0.015956
   0.013663
  0.0114873
 0.00944995
 0.00757051
 0.00586707
 0.00435606
 0.00305202
 0.00196751
 0.00111298
0.000496649
0.000124462
0.000141067
0.000562909
 0.00126146
    0.00223
  0.0034592
 0.00493722
 0.00664982
 0.00858052
  0.0107107
  0.0130199
  0.0154858
  0.0180847
  0.0207916
  0.0235804
  0.0264242
  0.0292957
  0.0321671
   0.035011
  0.0377997
  0.0405066
  0.0431055
  0.0455714
  0.0478806
  0.0500107
  0.0519414
   0.053654
   0.055132
  0.0563612
  0.0573297
  0.0580283
  0.0584501
  0.0585912
  0.0584501
  0.0580283
  0.0573297
  0.0563612
   0.055132
   0.053654
  0.0519414
  0.0500107
  0.0478806
  0.0455714
  0.0431055
  0.0405066
  0.0377997
   0.035011
  0.0321671
  0.0292957
  0.0264242
  0.0235804
  0.0207916
  0.0180847
  0.0154858
  0.0130199
  0.0107107
 0.00858052
 0.00664982
 0.00493722
  0.0034592
    0.00223
 0.00126146
0.000562909
0.000141067
0.000157378
0.000627996
 0.00140732
 0.00248785
 0.00385918
 0.00550809
 0.00741872
 0.00957265
  0.0119491
  0.0145253
  0.0172764
  0.0201758
  0.0231956
  0.0263069
  0.0294795
   0.032683
  0.0358865
  0.0390591
  0.0421703
  0.0451902
  0.0480896
  0.0508406
  0.0534167
  0.0557932
  0.0579471
  0.0598577
  0.0615066
  0.0628779
  0.0639585
  0.0647378
  0.0652084
  0.0653658
  0.0652084
  0.0647378
  0.0639584
  0.0628779
  0.0615066
  0.0598577
  0.0579471
  0.0557932
  0.0534167
  0.0508406
  0.0480896
  0.0451902
  0.0421703
  0.0390591
  0.0358865
   0.032683
  0.0294795
  0.0263069
  0.0231956
  0.0201758
  0.0172764
  0.0145253
  0.0119491
 0.00957265
 0.00741872
 0.00550809
 0.00385918
 0.00248785
 0.00140732
0.000627996
0.000157378
0.000173395
0.000691909
 0.00155055
 0.00274105
 0.00425193
 0.00606866
 0.00817373
  0.0105469
  0.0131652
  0.0160036
  0.0190346
  0.0222291
  0.0255563
  0.0289842
  0.0324797
  0.0360093
  0.0395388
  0.0430343
  0.0464622
  0.0497894
  0.0529839
  0.0560149
  0.0588532
  0.0614716
  0.0638447
  0.0659498
  0.0677665
  0.0692774
  0.0704679
  0.0713265
  0.0718451
  0.0720184
  0.0718451
  0.0713265
  0.0704679
  0.0692774
  0.0677665
  0.0659498
  0.0638447
  0.0614716
  0.0588532
  0.0560149
  0.0529839
  0.0497894
  0.0464622
  0.0430343
  0.0395388
  0.0360093
  0.0324797
  0.0289842
  0.0255563
  0.0222291
  0.0190346
  0.0160036
  0.0131652
  0.0105469
 0.00817373
 0.00606866
 0.00425193
 0.00274105
 0.00155055
0.000691909
0.000173395
0.000189118
0.000754651
 0.00169115
  0.0029896
  0.0046375
 0.00661897
 0.00891493
  0.0115033
  0.0143591
  0.0174548
  0.0207607
  0.0242448
  0.0278738
  0.0316125
   0.035425
  0.0392745
  0.0431241
  0.0469366
  0.0506753
  0.0543042
  0.0577884
  0.0610943
    0.06419
  0.0670458
  0.0696341
  0.0719301
  0.0739115
  0.0755594
  0.0768578
  0.0777943
  0.0783598
   0.078549
  0.0783598
  0.0777943
  0.0768578
  0.0755594
  0.0739115
  0.0719301
  0.0696341
  0.0670458
    0.06419
  0.0610943
  0.0577884
  0.0543043
  0.0506753
  0.0469366
  0.0431241
  0.0392745
   0.035425
  0.0316125
  0.0278738
  0.0242448
  0.0207607
  0.0174548
  0.0143591
  0.0115033
 0.00891493
 0.00661897
  0.0046375
  0.0029896
 0.00169115
0.000754651
0.000189118
0.000204547
 0.00081622
 0.00182913
 0.00323351
 0.00501585
 0.00715898
 0.00964226
  0.0124418
  0.0155305
  0.0188789
  0.0224544
  0.0262229
  0.0301478
  0.0341916
  0.0383151
  0.0424788
  0.0466424
  0.0507659
  0.0548097
  0.0587346
  0.0625031
  0.0660786
  0.0694269
  0.0725157
  0.0753152
  0.0777985
  0.0799416
  0.0817239
  0.0831283
  0.0841411
  0.0847528
  0.0849574
  0.0847528
  0.0841412
  0.0831283
  0.0817239
  0.0799416
  0.0777985
  0.0753152
  0.0725157
  0.0694269
  0.0660786
   0.062503
  0.0587346
  0.0548097
  0.0507659
  0.0466424
  0.0424788
  0.0383151
  0.0341916
  0.0301478
  0.0262229
  0.0224544
  0.0188788
  0.0155305
  0.0124418
 0.00964225
 0.00715897
 0.00501585
 0.00323351
 0.00182913
0.000816219
0.000204547
0.000219683
0.000876617
 0.00196447
 0.00347278
   0.005387
 0.00768872
  0.0103557
  0.0133624
  0.0166797
  0.0202758
   0.024116
  0.0281632
  0.0323787
  0.0367216
  0.0411503
   0.045622
  0.0500937
  0.0545224
  0.0588653
  0.0630807
   0.067128
  0.0709681
  0.0745642
  0.0778815
  0.0808881
  0.0835551
  0.0858568
   0.087771
  0.0892792
  0.0903671
   0.091024
  0.0912437
   0.091024
  0.0903671
  0.0892792
   0.087771
  0.0858568
  0.0835551
  0.0808881
  0.0778815
  0.0745642
  0.0709681
   0.067128
  0.0630807
  0.0588653
  0.0545224
  0.0500937
   0.045622
  0.0411503
  0.0367216
  0.0323787
  0.0281632
   0.024116
  0.0202758
  0.0166797
  0.0133624
  0.0103557
 0.00768871
   0.005387
 0.00347278
 0.00196447
0.000876617
0.000219683
0.000234524
0.000935838
 0.00209719
 0.00370739
 0.00575093
 0.00820814
  0.0110553
  0.0142651
  0.0178066
  0.0216456
  0.0257452
  0.0300659
  0.0345661
  0.0392024
  0.0439303
  0.0487041
  0.0534779
  0.0582057
  0.0628421
  0.0673423
  0.0716629
  0.0757625
  0.0796015
  0.0831429
  0.0863526
  0.0891998
   0.091657
  0.0937006
  0.0953108
  0.0964721
  0.0971734
   0.097408
  0.0971734
  0.0964721
  0.0953108
  0.0937006
   0.091657
  0.0891998
  0.0863526
  0.0831429
  0.0796015
  0.0757625
  0.0716629
  0.0673422
  0.0628421
  0.0582057
  0.0534779
  0.0487041
  0.0439303
  0.0392024
  0.0345661
  0.0300659
  0.0257452
  0.0216456
  0.0178066
  0.0142651
  0.0110553
 0.00820814
 0.00575093
 0.00370739
 0.00209719
0.000935838
0.000234524
0.000249072
0.000993888
 0.00222727
 0.00393736
 0.00610766
 0.00871729
  0.0117411
    0.01515
  0.0189111
  0.0229883
  0.0273422
  0.0319309
  0.0367102
  0.0416341
  0.0466552
  0.0517252
  0.0567951
  0.0618162
  0.0667401
  0.0715194
  0.0761081
   0.080462
  0.0845391
  0.0883002
  0.0917091
  0.0947329
  0.0973425
  0.0995128
   0.101223
   0.102456
   0.103201
    0.10345
   0.103201
   0.102456
   0.101223
  0.0995128
  0.0973425
  0.0947329
  0.0917091
  0.0883002
  0.0845391
   0.080462
  0.0761081
  0.0715194
  0.0667401
  0.0618162
  0.0567951
  0.0517252
  0.0466552
  0.0416341
  0.0367102
  0.0319309
  0.0273422
  0.0229883
  0.0189111
    0.01515
  0.0117411
 0.00871729
 0.00610766
 0.00393736
 0.00222727
0.000993888
0.000249072
0.000263325
 0.00105076
 0.00235473
 0.00416268
 0.00645718
 0.00921614
   0.012413
   0.016017
  0.0199933
  0.0243038
  0.0289068
  0.0337582
   0.038811
  0.0440167
  0.0493251
  0.0546852
  0.0600452
  0.0653537
  0.0705594
  0.0756122
  0.0804635
  0.0850665
  0.0893769
  0.0933533
  0.0969573
   0.100154
   0.102913
   0.105208
   0.107016
   0.108319
   0.109107
    0.10937
   0.109107
   0.108319
   0.107015
   0.105208
   0.102913
   0.100154
  0.0969573
  0.0933533
  0.0893769
  0.0850665
  0.0804635
  0.0756122
  0.0705594
  0.0653537
  0.0600452
  0.0546852
  0.0493251
  0.0440167
   0.038811
  0.0337581
  0.0289068
  0.0243038
  0.0199933
   0.016017
   0.012413
 0.00921614
 0.00645718
 0.00416267
 0.00235473
 0.00105076
0.000263325
0.000277284
 0.00110647
 0.00247956
 0.00438335
 0.00679949
 0.00970471
   0.013071
  0.0168661
  0.0210532
  0.0255922
  0.0304392
  0.0355477
  0.0408684
  0.0463501
    0.05194
  0.0575842
  0.0632285
  0.0688183
     0.0743
  0.0796207
  0.0847292
  0.0895762
  0.0941151
  0.0983023
   0.102097
   0.105464
   0.108369
   0.110785
   0.112689
   0.114062
   0.114891
   0.115168
   0.114891
   0.114062
   0.112689
   0.110785
   0.108369
   0.105464
   0.102097
  0.0983023
  0.0941151
  0.0895762
  0.0847292
  0.0796207
     0.0743
  0.0688183
  0.0632284
  0.0575842
    0.05194
  0.0463501
  0.0408684
  0.0355477
  0.0304392
  0.0255922
  0.0210532
  0.0168661
   0.013071
 0.00970471
 0.00679949
 0.00438335
 0.00247956
 0.00110647
0.000277285
 0.00029095
   0.001161
 0.00260177
 0.00459938
  0.0071346
   0.010183
  0.0137152
  0.0176973
  0.0220908
  0.0268535
  0.0319394
  0.0372997
  0.0428826
  0.0486345
  0.0544998
  0.0604222
  0.0663446
    0.07221
  0.0779618
  0.0835447
  0.0889049
  0.0939908
  0.0987534
   0.103147
   0.107129
   0.110661
   0.113709
   0.116245
   0.118242
   0.119683
   0.120553
   0.120844
   0.120553
   0.119683
   0.118242
   0.116245
   0.113709
   0.110661
   0.107129
   0.103147
  0.0987534
  0.0939908
  0.0889049
  0.0835447
  0.0779618
    0.07221
  0.0663446
  0.0604222
  0.0544998
  0.0486345
  0.0428826
  0.0372997
  0.0319394
  0.0268535
  0.0220908
  0.0176973
  0.0137152
   0.010183
  0.0071346
 0.00459938
 0.00260177
   0.001161
 0.00029095
0.000304323
 0.00121436
 0.00272135
 0.00481077
 0.00746251
   0.010651
  0.0143456
  0.0185107
  0.0231061
  0.0280876
  0.0334073
  0.0390139
  0.0448534
  0.0508696
  0.0570045
  0.0631991
  0.0693936
  0.0755285
  0.0815447
  0.0873841
  0.0929907
  0.0983104
   0.103292
   0.107887
   0.112052
   0.115747
   0.118935
   0.121587
   0.123676
   0.125183
   0.126093
   0.126398
   0.126093
   0.125183
   0.123676
   0.121587
   0.118935
   0.115747
   0.112052
   0.107887
   0.103292
  0.0983103
  0.0929907
  0.0873841
  0.0815446
  0.0755285
  0.0693936
  0.0631991
  0.0570045
  0.0508696
  0.0448534
  0.0390139
  0.0334073
  0.0280876
  0.0231061
  0.0185107
  0.0143456
   0.010651
 0.00746251
 0.00481077
 0.00272135
 0.00121436
0.000304323
  0.0003174
 0.00126654
 0.00283829
  0.0050175
  0.0077832
  0.0111087
  0.0149621
  0.0193061
  0.0240991
  0.0292947
   0.034843
  0.0406905
   0.046781
  0.0530557
  0.0594542
   0.065915
  0.0723757
  0.0787743
   0.085049
  0.0911393
  0.0969868
   0.102535
   0.107731
   0.112524
   0.116868
   0.120721
   0.124046
   0.126812
   0.128991
   0.130563
   0.131512
   0.131829
   0.131512
   0.130563
   0.128991
   0.126812
   0.124046
   0.120721
   0.116868
   0.112523
   0.107731
   0.102535
  0.0969868
  0.0911393
  0.0850489
  0.0787742
  0.0723757
   0.065915
  0.0594542
  0.0530556
  0.0467809
  0.0406905
   0.034843
  0.0292947
  0.0240991
  0.0193061
  0.0149621
  0.0111087
 0.00778319
  0.0050175
 0.00283829
 0.00126654
  0.0003174
0.000330184
 0.00131756
 0.00295261
  0.0052196
 0.00809668
  0.0115562
  0.0155647
  0.0200837
  0.0250697
  0.0304746
  0.0362463
  0.0423294
  0.0486652
  0.0551926
  0.0618488
  0.0685698
  0.0752908
   0.081947
  0.0884745
  0.0948101
   0.100893
   0.106665
    0.11207
   0.117055
   0.121574
   0.125583
   0.129042
   0.131919
   0.134186
   0.135821
   0.136809
   0.137139
   0.136809
   0.135821
   0.134186
   0.131919
   0.129042
   0.125583
   0.121574
   0.117055
    0.11207
   0.106665
   0.100893
  0.0948101
  0.0884744
   0.081947
  0.0752908
  0.0685698
  0.0618488
  0.0551926
  0.0486651
  0.0423294
  0.0362463
  0.0304746
  0.0250697
  0.0200837
  0.0155647
  0.0115562
 0.00809668
 0.00521959
 0.00295261
 0.00131756
0.000330184
0.000342675
  0.0013674
  0.0030643
 0.00541705
 0.00840297
  0.0119933
  0.0161535
  0.0208435
   0.026018
  0.0316274
  0.0376175
  0.0439307
  0.0505061
  0.0572804
  0.0641885
  0.0711637
  0.0781389
  0.0850469
  0.0918211
  0.0983965
    0.10471
   0.110699
   0.116309
   0.121483
   0.126173
   0.130333
   0.133923
   0.136909
   0.139262
   0.140959
   0.141983
   0.142326
   0.141983
   0.140959
   0.139262
   0.136909
   0.133923
   0.130333
   0.126173
   0.121483
   0.116309
   0.110699
    0.10471
  0.0983965
  0.0918211
  0.0850468
  0.0781388
  0.0711636
  0.0641884
  0.0572804
   0.050506
  0.0439306
  0.0376175
  0.0316274
   0.026018
  0.0208434
  0.0161535
  0.0119933
 0.00840296
 0.00541704
  0.0030643
  0.0013674
0.000342675
0.000354871
 0.00141607
 0.00317337
 0.00560985
 0.00870204
  0.0124202
  0.0167284
  0.0215853
  0.0269441
   0.032753
  0.0389563
  0.0454942
  0.0523036
  0.0593191
  0.0664729
  0.0736964
  0.0809198
  0.0880737
   0.095089
   0.101898
   0.108436
   0.114639
   0.120448
   0.125807
   0.130664
   0.134972
    0.13869
   0.141782
   0.144218
   0.145976
   0.147037
   0.147392
   0.147037
   0.145976
   0.144218
   0.141782
    0.13869
   0.134972
   0.130664
   0.125807
   0.120448
   0.114639
   0.108436
   0.101898
   0.095089
  0.0880737
  0.0809198
  0.0736964
  0.0664729
   0.059319
  0.0523036
  0.0454942
  0.0389563
   0.032753
   0.026944
  0.0215853
  0.0167284
  0.0124202
 0.00870204
 0.00560984
 0.00317336
 0.00141607
0.000354871
0.000366773
 0.00146356
  0.0032798
 0.00579799
  0.0089939
  0.0128367
  0.0172895
  0.0223093
  0.0278477
  0.0338515
  0.0402629
    0.04702
  0.0540578
  0.0613086
  0.0687024
  0.0761681
  0.0836339
  0.0910277
  0.0982784
   0.105316
   0.112073
   0.118484
   0.124488
   0.130026
   0.135046
   0.139499
   0.143342
   0.146537
   0.149055
   0.150872
   0.151968
   0.152335
   0.151968
   0.150872
   0.149055
   0.146537
   0.143341
   0.139499
   0.135046
   0.130026
   0.124488
   0.118484
   0.112073
   0.105316
  0.0982783
  0.0910276
  0.0836338
  0.0761681
  0.0687024
  0.0613085
  0.0540578
    0.04702
  0.0402629
  0.0338515
  0.0278477
  0.0223092
  0.0172895
  0.0128367
 0.00899389
 0.00579799
  0.0032798
 0.00146356
0.000366773
0.000378381
 0.00150988
  0.0033836
  0.0059815
 0.00927855
   0.013243
  0.0178367
  0.0230153
  0.0287291
  0.0349229
  0.0415372
  0.0485082
  0.0557687
  0.0632489
  0.0708768
  0.0785788
  0.0862808
  0.0939086
   0.101389
   0.108649
    0.11562
   0.122234
   0.128428
   0.134142
    0.13932
   0.143914
   0.147878
   0.151175
   0.153773
   0.155646
   0.156778
   0.157156
   0.156778
   0.155646
   0.153773
   0.151175
   0.147878
   0.143914
    0.13932
   0.134142
   0.128428
   0.122234
    0.11562
   0.108649
   0.101389
  0.0939085
  0.0862807
  0.0785787
  0.0708768
  0.0632489
  0.0557687
  0.0485082
  0.0415372
  0.0349229
  0.0287291
  0.0230153
  0.0178367
   0.013243
 0.00927855
  0.0059815
  0.0033836
 0.00150988
0.000378381
0.000389696
 0.00155503
 0.00348478
 0.00616036
   0.009556
   0.013639
    0.01837
  0.0237035
  0.0295882
  0.0359672
  0.0427793
  0.0499587
  0.0574364
  0.0651403
  0.0729962
  0.0809286
  0.0888609
  0.0967168
   0.104421
   0.111898
   0.119078
   0.125889
   0.132268
   0.138153
   0.143486
   0.148217
     0.1523
   0.155695
   0.158371
   0.160301
   0.161466
   0.161856
   0.161466
   0.160301
   0.158371
   0.155695
     0.1523
   0.148217
   0.143486
   0.138153
   0.132268
   0.125889
   0.119077
   0.111898
   0.104421
  0.0967168
  0.0888609
  0.0809286
  0.0729962
  0.0651403
  0.0574364
  0.0499587
  0.0427793
  0.0359672
  0.0295882
  0.0237035
    0.01837
   0.013639
   0.009556
 0.00616036
 0.00348478
 0.00155503
0.000389696
0.000400716
 0.00159901
 0.00358333
 0.00633457
 0.00982624
  0.0140247
  0.0188895
  0.0243739
  0.0304249
  0.0369843
   0.043989
  0.0513715
  0.0590606
  0.0669824
  0.0750605
  0.0832172
  0.0913738
  0.0994519
   0.107374
   0.115063
   0.122445
   0.129449
   0.136009
    0.14206
   0.147544
   0.152409
   0.156607
   0.160098
    0.16285
   0.164834
   0.166032
   0.166433
   0.166032
   0.164834
    0.16285
   0.160098
   0.156607
   0.152408
   0.147544
    0.14206
   0.136009
   0.129449
   0.122445
   0.115063
   0.107374
  0.0994519
  0.0913738
  0.0832172
  0.0750605
  0.0669824
  0.0590606
  0.0513715
   0.043989
  0.0369843
  0.0304249
  0.0243739
  0.0188895
  0.0140247
 0.00982624
 0.00633457
 0.00358333
 0.00159901
0.000400716
0.000411443
 0.00164181
 0.00367925
 0.00650414
  0.0100893
  0.0144001
  0.0193952
  0.0250263
  0.0312393
  0.0379743
  0.0451665
  0.0527466
  0.0606415
  0.0687754
  0.0770697
  0.0854447
  0.0938197
   0.102114
   0.110248
   0.118143
   0.125723
   0.132915
   0.139649
   0.145862
   0.151493
   0.156488
   0.160799
   0.164384
   0.167209
   0.169246
   0.170477
   0.170888
   0.170477
   0.169246
   0.167209
   0.164384
   0.160799
   0.156488
   0.151493
   0.145862
   0.139649
   0.132915
   0.125723
   0.118143
   0.110248
   0.102114
  0.0938197
  0.0854447
  0.0770697
  0.0687754
  0.0606415
  0.0527466
  0.0451665
  0.0379743
  0.0312393
  0.0250263
  0.0193952
  0.0144001
  0.0100893
 0.00650414
 0.00367925
 0.00164181
0.000411443
0.000421876
 0.00168344
 0.00377254
 0.00666906
  0.0103451
  0.0147653
   0.019887
  0.0256609
  0.0320314
  0.0389372
  0.0463118
   0.054084
  0.0621792
  0.0705193
  0.0790239
  0.0876113
  0.0961986
   0.104703
   0.113043
   0.121138
   0.128911
   0.136285
   0.143191
   0.149561
   0.155335
   0.160456
   0.164876
   0.168552
   0.171449
   0.173538
   0.174799
   0.175221
   0.174799
   0.173538
   0.171449
   0.168552
   0.164876
   0.160456
   0.155335
   0.149561
   0.143191
   0.136285
    0.12891
   0.121138
   0.113043
   0.104703
  0.0961986
  0.0876113
  0.0790239
  0.0705193
  0.0621792
   0.054084
  0.0463118
  0.0389372
  0.0320314
  0.0256609
   0.019887
  0.0147653
  0.0103451
 0.00666906
 0.00377254
 0.00168344
0.000421876
0.000432015
  0.0017239
 0.00386321
 0.00682934
  0.0105937
  0.0151201
  0.0203649
  0.0262776
  0.0328013
  0.0398731
  0.0474248
  0.0553839
  0.0636736
  0.0722141
  0.0809231
  0.0897169
  0.0985105
    0.10722
    0.11576
    0.12405
   0.132008
    0.13956
   0.146632
   0.153155
   0.159068
   0.164312
   0.168839
   0.172603
   0.175569
   0.177708
      0.179
   0.179432
      0.179
   0.177708
   0.175569
   0.172603
   0.168839
   0.164312
   0.159068
   0.153155
   0.146632
    0.13956
   0.132008
   0.124049
    0.11576
   0.107219
  0.0985105
  0.0897168
  0.0809231
  0.0722141
  0.0636736
  0.0553839
  0.0474248
   0.039873
  0.0328013
  0.0262776
  0.0203649
  0.0151201
  0.0105937
 0.00682934
 0.00386321
  0.0017239
0.000432015
 0.00044186
 0.00176318
 0.00395125
 0.00698497
  0.0108351
  0.0154647
   0.020829
  0.0268764
  0.0335488
  0.0407817
  0.0485056
   0.056646
  0.0651246
  0.0738597
  0.0827672
  0.0917613
   0.100755
   0.109663
   0.118398
   0.126876
   0.135017
    0.14274
   0.149973
   0.156645
   0.162692
   0.168057
   0.172686
   0.176536
    0.17957
   0.181758
   0.183079
   0.183521
   0.183079
   0.181758
    0.17957
   0.176536
   0.172686
   0.168057
   0.162692
   0.156645
   0.149973
    0.14274
   0.135017
   0.126876
   0.118398
   0.109663
   0.100755
  0.0917612
  0.0827672
  0.0738597
  0.0651246
   0.056646
  0.0485056
  0.0407817
  0.0335487
  0.0268764
   0.020829
  0.0154647
  0.0108351
 0.00698497
 0.00395124
 0.00176318
 0.00044186
0.000451411
  0.0018013
 0.00403665
 0.00713595
  0.0110694
   0.015799
  0.0212792
  0.0274574
  0.0342739
  0.0416632
   0.049554
  0.0578704
  0.0665323
  0.0754562
  0.0845562
  0.0937447
   0.102933
   0.112033
   0.120957
   0.129619
   0.137935
   0.145826
   0.153215
   0.160031
   0.166209
   0.171689
   0.176419
   0.180352
   0.183451
   0.185686
   0.187036
   0.187487
   0.187036
   0.185686
   0.183451
   0.180352
   0.176419
   0.171689
   0.166209
   0.160031
   0.153215
   0.145826
   0.137935
   0.129619
   0.120957
   0.112033
   0.102933
  0.0937447
  0.0845562
  0.0754562
  0.0665323
  0.0578704
   0.049554
  0.0416632
  0.0342739
  0.0274574
  0.0212792
   0.015799
  0.0110693
 0.00713595
 0.00403665
 0.00180129
0.000451411
0.000460668
 0.00183824
 0.00411944
  0.0072823
  0.0112964
   0.016123
  0.0217156
  0.0280205
  0.0349768
  0.0425176
  0.0505702
  0.0590572
  0.0678966
  0.0770036
  0.0862902
  0.0956671
   0.105044
   0.114331
   0.123437
   0.132277
   0.140763
   0.148816
   0.156356
   0.163313
   0.169617
    0.17521
   0.180036
    0.18405
   0.187213
   0.189494
   0.190871
   0.191332
   0.190871
   0.189494
   0.187213
    0.18405
   0.180036
    0.17521
   0.169617
   0.163313
   0.156356
   0.148816
   0.140763
   0.132277
   0.123437
   0.114331
   0.105044
  0.0956671
  0.0862902
  0.0770035
  0.0678966
  0.0590571
  0.0505702
  0.0425176
  0.0349768
  0.0280205
  0.0217156
   0.016123
  0.0112964
  0.0072823
 0.00411944
 0.00183824
0.000460668
0.000469631
   0.001874
 0.00419959
 0.00742399
  0.0115162
  0.0164367
  0.0221381
  0.0285657
  0.0356573
  0.0433448
  0.0515542
  0.0602062
  0.0692177
  0.0785018
  0.0879691
  0.0975284
   0.107088
   0.116555
   0.125839
    0.13485
   0.143502
   0.151711
   0.159399
    0.16649
   0.172917
   0.178619
   0.183539
   0.187631
   0.190855
   0.193181
   0.194585
   0.195055
   0.194585
   0.193181
   0.190855
   0.187631
   0.183539
   0.178619
   0.172917
    0.16649
   0.159399
   0.151711
   0.143502
    0.13485
   0.125839
   0.116555
   0.107088
  0.0975285
  0.0879691
  0.0785018
  0.0692177
  0.0602062
  0.0515542
  0.0433448
  0.0356573
  0.0285657
  0.0221382
  0.0164367
  0.0115162
 0.00742399
 0.00419959
   0.001874
0.000469631
0.000478301
  0.0019086
 0.00427711
 0.00756103
  0.0117287
  0.0167401
  0.0225468
   0.029093
  0.0363156
   0.044145
  0.0525059
  0.0613177
  0.0704955
   0.079951
  0.0895931
   0.099329
   0.109065
   0.118707
   0.128162
    0.13734
   0.146151
   0.154512
   0.162341
   0.169563
   0.176109
   0.181916
   0.186927
   0.191094
   0.194378
   0.196747
   0.198177
   0.198655
   0.198177
   0.196747
   0.194378
   0.191094
   0.186927
   0.181916
   0.176109
   0.169563
   0.162341
   0.154512
   0.146151
    0.13734
   0.128162
   0.118707
   0.109065
  0.0993289
  0.0895931
   0.079951
  0.0704955
  0.0613176
  0.0525059
   0.044145
  0.0363155
   0.029093
  0.0225468
  0.0167401
  0.0117287
 0.00756103
 0.00427711
  0.0019086
  0.0004783
0.000486675
 0.00194201
   0.004352
 0.00769342
  0.0119341
  0.0170332
  0.0229416
  0.0296024
  0.0369514
   0.044918
  0.0534252
  0.0623913
  0.0717298
  0.0813508
  0.0911618
   0.101068
   0.110974
   0.120785
   0.130406
   0.139745
    0.14871
   0.157217
   0.165184
   0.172533
   0.179193
   0.185101
     0.1902
   0.194441
   0.197782
   0.200192
   0.201647
   0.202134
   0.201647
   0.200192
   0.197782
   0.194441
     0.1902
   0.185101
   0.179193
   0.172533
   0.165184
   0.157217
    0.14871
   0.139745
   0.130406
   0.120785
   0.110974
   0.101068
  0.0911618
  0.0813508
  0.0717298
  0.0623913
  0.0534252
  0.0449179
  0.0369514
  0.0296024
  0.0229416
  0.0170332
  0.0119341
 0.00769342
   0.004352
 0.00194201
0.000486675
0.000494758
 0.00197427
 0.00442428
 0.00782119
  0.0121323
  0.0173161
  0.0233226
   0.030094
  0.0375651
  0.0456639
  0.0543124
  0.0634274
   0.072921
  0.0827018
  0.0926757
   0.102746
   0.112817
   0.122791
   0.132572
   0.142065
    0.15118
   0.159828
   0.167927
   0.175398
   0.182169
   0.188175
   0.193359
   0.197669
   0.201066
   0.203516
   0.204996
    0.20549
   0.204996
   0.203516
   0.201066
   0.197669
   0.193359
   0.188175
   0.182169
   0.175398
   0.167927
   0.159828
    0.15118
   0.142065
   0.132572
   0.122791
   0.112817
   0.102746
  0.0926757
  0.0827018
   0.072921
  0.0634274
  0.0543124
  0.0456639
  0.0375651
   0.030094
  0.0233226
  0.0173161
  0.0121323
 0.00782119
 0.00442428
 0.00197427
0.000494758
0.000502546
 0.00200534
 0.00449391
  0.0079443
  0.0123233
  0.0175886
  0.0236897
  0.0305676
  0.0381563
  0.0463826
  0.0551672
  0.0644257
  0.0740687
  0.0840035
  0.0941343
   0.104364
   0.114593
   0.124724
   0.134658
   0.144301
   0.153559
   0.162344
    0.17057
   0.178158
   0.185036
   0.191137
   0.196402
   0.200781
   0.204231
    0.20672
   0.208222
   0.208725
   0.208222
    0.20672
   0.204231
   0.200781
   0.196402
   0.191137
   0.185036
   0.178158
    0.17057
   0.162344
   0.153559
   0.144301
   0.134658
   0.124724
   0.114593
   0.104364
  0.0941343
  0.0840035
  0.0740687
  0.0644257
  0.0551672
  0.0463826
  0.0381563
  0.0305676
  0.0236897
  0.0175886
  0.0123233
 0.00794429
 0.00449392
 0.00200534
0.000502545
 0.00051004
 0.00203525
 0.00456093
 0.00806276
   0.012507
  0.0178509
  0.0240429
  0.0310235
  0.0387253
  0.0470743
  0.0559899
  0.0653864
  0.0751732
  0.0852562
  0.0955381
    0.10592
   0.116302
   0.126584
   0.136666
   0.146453
   0.155849
   0.164765
   0.173114
   0.180815
   0.187795
   0.193987
   0.199331
   0.203775
   0.207277
   0.209802
   0.211327
   0.211837
   0.211327
   0.209802
   0.207277
   0.203775
   0.199331
   0.193987
   0.187795
   0.180815
   0.173113
   0.164765
   0.155849
   0.146453
   0.136666
   0.126584
   0.116302
    0.10592
  0.0955381
  0.0852562
  0.0751732
  0.0653864
  0.0559899
  0.0470743
  0.0387253
  0.0310235
  0.0240429
  0.0178509
   0.012507
 0.00806277
 0.00456093
 0.00203525
 0.00051004
 0.00051724
 0.00206398
 0.00462531
 0.00817658
  0.0126836
  0.0181029
  0.0243823
  0.0314614
   0.039272
  0.0477388
  0.0567803
  0.0663094
  0.0762344
  0.0864597
  0.0968867
   0.107415
   0.117944
    0.12837
   0.138596
    0.14852
   0.158049
   0.167091
   0.175557
   0.183368
   0.190446
   0.196726
   0.202145
   0.206651
   0.210202
   0.212764
    0.21431
   0.214828
    0.21431
   0.212764
   0.210202
   0.206651
   0.202145
   0.196725
   0.190446
   0.183368
   0.175557
   0.167091
   0.158049
    0.14852
   0.138596
    0.12837
   0.117944
   0.107415
  0.0968867
  0.0864597
  0.0762345
  0.0663095
  0.0567803
  0.0477388
   0.039272
  0.0314614
  0.0243823
  0.0181029
  0.0126836
 0.00817658
 0.00462532
 0.00206398
 0.00051724
0.000524146
 0.00209154
 0.00468707
 0.00828576
  0.0128529
  0.0183446
  0.0247079
  0.0318815
  0.0397964
  0.0483762
  0.0575385
  0.0671948
  0.0772523
  0.0876141
  0.0981803
   0.108849
   0.119518
   0.130084
   0.140446
   0.150503
   0.160159
   0.169321
   0.177901
   0.185816
   0.192989
   0.199352
   0.204843
    0.20941
   0.213009
   0.215604
   0.217172
   0.217696
   0.217172
   0.215604
   0.213009
    0.20941
   0.204843
   0.199352
   0.192989
   0.185816
   0.177901
   0.169322
    0.16016
   0.150503
   0.140446
   0.130084
   0.119518
   0.108849
  0.0981803
  0.0876141
  0.0772523
  0.0671948
  0.0575385
  0.0483763
  0.0397964
  0.0318815
  0.0247079
  0.0183446
  0.0128529
 0.00828576
 0.00468707
 0.00209154
0.000524146
0.000530758
 0.00211792
  0.0047462
 0.00839029
  0.0130151
   0.018576
  0.0250196
  0.0322837
  0.0402984
  0.0489865
  0.0582643
  0.0680425
  0.0782269
  0.0887194
  0.0994189
   0.110222
   0.121026
   0.131725
   0.142218
   0.152402
    0.16218
   0.171457
   0.180145
    0.18816
   0.195423
   0.201867
   0.207427
   0.212052
   0.215696
   0.218324
   0.219911
   0.220442
   0.219911
   0.218324
   0.215696
   0.212052
   0.207427
   0.201867
   0.195423
    0.18816
   0.180145
   0.171457
    0.16218
   0.152402
   0.142218
   0.131726
   0.121026
   0.110223
   0.099419
  0.0887194
  0.0782269
  0.0680426
  0.0582644
  0.0489865
  0.0402984
  0.0322837
  0.0250196
   0.018576
  0.0130151
 0.00839029
  0.0047462
 0.00211792
0.000530759
0.000537076
 0.00214313
  0.0048027
 0.00849016
    0.01317
  0.0187972
  0.0253174
   0.032668
  0.0407781
  0.0495696
  0.0589579
  0.0688524
  0.0791581
  0.0897755
   0.100602
   0.111534
   0.122467
   0.133293
   0.143911
   0.154216
   0.164111
   0.173499
    0.18229
     0.1904
    0.19775
    0.20427
   0.209897
   0.214576
   0.218264
   0.220923
   0.222529
   0.223066
   0.222529
   0.220923
   0.218264
   0.214576
   0.209897
    0.20427
    0.19775
     0.1904
    0.18229
   0.173499
   0.164111
   0.154216
   0.143911
   0.133293
   0.122467
   0.111535
   0.100602
  0.0897755
  0.0791581
  0.0688525
  0.0589579
  0.0495696
  0.0407781
   0.032668
  0.0253174
  0.0187972
    0.01317
 0.00849016
  0.0048027
 0.00214313
0.000537076
0.000543101
 0.00216717
 0.00485657
  0.0085854
  0.0133177
   0.019008
  0.0256014
  0.0330345
  0.0412355
  0.0501257
  0.0596192
  0.0696248
  0.0800461
  0.0907825
   0.101731
   0.112786
   0.123841
   0.134789
   0.145525
   0.155946
   0.165952
   0.175445
   0.184335
   0.192535
   0.199968
   0.206561
   0.212251
   0.216983
   0.220712
   0.223401
   0.225025
   0.225568
   0.225025
   0.223401
   0.220712
   0.216983
   0.212251
   0.206561
   0.199968
   0.192535
   0.184335
   0.175445
   0.165952
   0.155946
   0.145525
   0.134789
   0.123841
   0.112786
   0.101731
  0.0907826
  0.0800461
  0.0696248
  0.0596193
  0.0501257
  0.0412355
  0.0330345
  0.0256014
   0.019008
  0.0133177
  0.0085854
 0.00485658
 0.00216717
0.000543101
0.000548832
 0.00219004
 0.00490782
   0.008676
  0.0134583
  0.0192086
  0.0258716
  0.0333831
  0.0416707
  0.0506547
  0.0602484
  0.0703596
  0.0808907
  0.0917405
   0.102804
   0.113976
   0.125147
   0.136211
   0.147061
   0.157592
   0.167703
   0.177296
    0.18628
   0.194567
   0.202078
   0.208741
   0.214491
   0.219273
   0.223041
   0.225759
     0.2274
   0.227948
     0.2274
   0.225759
   0.223041
   0.219273
   0.214491
   0.208741
   0.202078
   0.194567
    0.18628
   0.177296
   0.167703
   0.157592
   0.147061
   0.136211
   0.125147
   0.113976
   0.102804
  0.0917405
  0.0808908
  0.0703596
  0.0602484
  0.0506547
  0.0416707
  0.0333831
  0.0258716
  0.0192086
  0.0134583
 0.00867601
 0.00490783
 0.00219004
0.000548832
0.000554269
 0.00221174
 0.00495644
 0.00876195
  0.0135916
  0.0193989
  0.0261279
  0.0337138
  0.0420835
  0.0511564
  0.0608452
  0.0710565
   0.081692
  0.0926493
   0.103823
   0.115105
   0.126387
    0.13756
   0.148517
   0.159153
   0.169364
   0.179052
   0.188125
   0.196494
    0.20408
   0.210809
   0.216616
   0.221445
   0.225251
   0.227995
   0.229652
   0.230207
   0.229652
   0.227995
   0.225251
   0.221445
   0.216616
   0.210809
    0.20408
   0.196495
   0.188125
   0.179052
   0.169364
   0.159153
   0.148518
    0.13756
   0.126387
   0.115105
   0.103823
  0.0926493
  0.0816921
  0.0710566
  0.0608452
  0.0511564
  0.0420835
  0.0337138
  0.0261279
  0.0193989
  0.0135916
 0.00876195
 0.00495645
 0.00221174
0.000554269
0.000559412
 0.00223226
 0.00500243
 0.00884325
  0.0137177
  0.0195789
  0.0263703
  0.0340266
   0.042474
  0.0516311
  0.0614098
  0.0717158
    0.08245
   0.093509
   0.104786
   0.116173
    0.12756
   0.138837
   0.149896
    0.16063
   0.170935
   0.180714
   0.189871
   0.198318
   0.205974
   0.212765
   0.218626
     0.2235
   0.227341
   0.230111
   0.231784
   0.232343
   0.231784
   0.230111
   0.227341
     0.2235
   0.218626
   0.212765
   0.205974
   0.198318
   0.189871
   0.180714
   0.170935
   0.160629
   0.149896
   0.138837
    0.12756
   0.116173
   0.104786
   0.093509
  0.0824501
  0.0717159
  0.0614098
  0.0516311
   0.042474
  0.0340266
  0.0263703
  0.0195789
  0.0137177
 0.00884325
 0.00500243
 0.00223226
0.000559412
0.000564261
 0.00225161
  0.0050458
 0.00891991
  0.0138366
  0.0197486
  0.0265989
  0.0343216
  0.0428422
  0.0520787
  0.0619421
  0.0723376
  0.0831648
  0.0943196
   0.105695
    0.11718
   0.128666
    0.14004
   0.151195
   0.162022
   0.172417
   0.182281
   0.191517
   0.200037
   0.207759
   0.214609
   0.220521
   0.225438
   0.229312
   0.232106
   0.233793
   0.234357
   0.233793
   0.232106
   0.229312
   0.225438
   0.220521
   0.214609
   0.207759
   0.200037
   0.191517
   0.182281
   0.172417
   0.162022
   0.151195
    0.14004
   0.128666
    0.11718
   0.105695
  0.0943196
  0.0831648
  0.0723376
  0.0619422
  0.0520787
  0.0428422
  0.0343216
  0.0265989
  0.0197486
  0.0138366
 0.00891991
  0.0050458
 0.00225161
0.000564262
0.000568817
 0.00226979
 0.00508654
 0.00899192
  0.0139483
  0.0199081
  0.0268137
  0.0345987
  0.0431881
  0.0524992
  0.0624423
  0.0729216
  0.0838363
  0.0950811
   0.106548
   0.118126
   0.129704
   0.141171
   0.152416
    0.16333
   0.173809
   0.183752
   0.193063
   0.201652
   0.209436
   0.216342
   0.222301
   0.227257
   0.231162
   0.233979
    0.23568
   0.236249
    0.23568
   0.233979
   0.231162
   0.227257
   0.222301
   0.216342
   0.209436
   0.201652
   0.193063
   0.183752
   0.173809
    0.16333
   0.152416
   0.141171
   0.129704
   0.118126
   0.106548
  0.0950811
  0.0838363
  0.0729216
  0.0624423
  0.0524992
  0.0431881
  0.0345987
  0.0268137
  0.0199081
  0.0139483
 0.00899193
 0.00508654
 0.00226979
0.000568817
 0.00057308
  0.0022868
 0.00512466
 0.00905931
  0.0140529
  0.0200573
  0.0270146
   0.034858
  0.0435117
  0.0528926
  0.0629101
   0.073468
  0.0844644
  0.0957935
   0.107346
   0.119011
   0.130676
   0.142229
   0.153557
   0.164554
   0.175111
   0.185128
   0.194509
   0.203162
   0.211005
   0.217962
   0.223966
    0.22896
   0.232894
   0.235732
   0.237445
   0.238018
   0.237445
   0.235732
   0.232894
    0.22896
   0.223966
   0.217962
   0.211005
   0.203162
   0.194509
   0.185128
   0.175111
   0.164554
   0.153558
   0.142229
   0.130676
   0.119011
   0.107346
  0.0957935
  0.0844644
   0.073468
  0.0629101
  0.0528926
  0.0435117
   0.034858
  0.0270146
  0.0200573
  0.0140529
 0.00905931
 0.00512465
  0.0022868
 0.00057308
0.000577048
 0.00230263
 0.00516014
 0.00912204
  0.0141502
  0.0201961
  0.0272017
  0.0350993
   0.043813
  0.0532589
  0.0633458
  0.0739768
  0.0850494
  0.0964569
    0.10809
   0.119835
   0.131581
   0.143214
   0.154621
   0.165693
   0.176324
    0.18641
   0.195856
   0.204569
   0.212466
   0.219472
   0.225517
   0.230545
   0.234507
   0.237364
    0.23909
   0.239667
    0.23909
   0.237364
   0.234507
   0.230545
   0.225517
   0.219472
   0.212466
   0.204569
   0.195856
    0.18641
   0.176324
   0.165693
   0.154621
   0.143214
   0.131581
   0.119835
    0.10809
  0.0964569
  0.0850494
  0.0739768
  0.0633458
  0.0532589
   0.043813
  0.0350993
  0.0272017
  0.0201961
  0.0141502
 0.00912204
 0.00516014
 0.00230263
0.000577048
0.000580722
 0.00231729
 0.00519299
 0.00918012
  0.0142403
  0.0203247
  0.0273748
  0.0353228
  0.0440919
  0.0535979
  0.0637491
  0.0744477
  0.0855908
  0.0970709
   0.108778
   0.120598
   0.132419
   0.144125
   0.155605
   0.166748
   0.177447
   0.187597
   0.197103
   0.205872
   0.213819
   0.220869
   0.226953
   0.232013
      0.236
   0.238875
   0.240612
   0.241192
   0.240612
   0.238875
      0.236
   0.232013
   0.226953
   0.220869
   0.213819
   0.205872
   0.197103
   0.187597
   0.177447
   0.166748
   0.155605
   0.144125
   0.132419
   0.120598
   0.108778
   0.097071
  0.0855908
  0.0744477
  0.0637491
  0.0535979
  0.0440919
  0.0353228
  0.0273748
  0.0203247
  0.0142403
 0.00918012
 0.00519299
 0.00231729
0.000580722
0.000584102
 0.00233078
 0.00522322
 0.00923355
  0.0143232
   0.020443
  0.0275342
  0.0355284
  0.0443486
  0.0539099
  0.0641201
   0.074881
   0.086089
   0.097636
   0.109411
     0.1213
   0.133189
   0.144964
   0.156511
   0.167719
   0.178479
   0.188689
    0.19825
    0.20707
   0.215064
   0.222154
   0.228274
   0.233363
   0.237373
   0.240266
   0.242012
   0.242596
   0.242012
   0.240266
   0.237373
   0.233363
   0.228274
   0.222154
   0.215064
    0.20707
    0.19825
   0.188689
   0.178479
   0.167719
   0.156511
   0.144964
   0.133189
     0.1213
   0.109411
   0.097636
   0.086089
  0.0748811
  0.0641202
  0.0539099
  0.0443486
  0.0355284
  0.0275342
   0.020443
  0.0143232
 0.00923355
 0.00522322
 0.00233078
0.000584102
0.000587189
  0.0023431
 0.00525083
 0.00928236
  0.0143989
  0.0205511
  0.0276797
  0.0357161
   0.044583
  0.0541948
   0.064459
  0.0752768
  0.0865439
  0.0981519
   0.109989
   0.121941
   0.133893
    0.14573
   0.157338
   0.168605
   0.179422
   0.189686
   0.199298
   0.208164
     0.2162
   0.223328
    0.22948
   0.234596
   0.238628
   0.241535
   0.243291
   0.243878
   0.243291
   0.241535
   0.238628
   0.234596
    0.22948
   0.223328
     0.2162
   0.208164
   0.199298
   0.189686
   0.179422
   0.168605
   0.157338
    0.14573
   0.133893
   0.121941
   0.109989
  0.0981519
  0.0865439
  0.0752768
   0.064459
  0.0541948
   0.044583
  0.0357161
  0.0276797
  0.0205511
  0.0143989
 0.00928236
 0.00525083
  0.0023431
0.000587189
0.000589982
 0.00235425
  0.0052758
 0.00932651
  0.0144673
  0.0206488
  0.0278114
   0.035886
   0.044795
  0.0544525
  0.0647655
  0.0756348
  0.0869555
  0.0986187
   0.110512
   0.122521
    0.13453
   0.146423
   0.158086
   0.169407
   0.180276
   0.190588
   0.200245
   0.209154
   0.217228
    0.22439
   0.230571
   0.235712
   0.239762
   0.242684
   0.244448
   0.245038
   0.244448
   0.242684
   0.239762
   0.235712
   0.230571
    0.22439
   0.217228
   0.209154
   0.200245
   0.190588
   0.180276
   0.169407
   0.158086
   0.146423
    0.13453
   0.122521
   0.110512
  0.0986187
  0.0869555
  0.0756348
  0.0647656
  0.0544525
   0.044795
   0.035886
  0.0278114
  0.0206488
  0.0144673
 0.00932651
  0.0052758
 0.00235425
0.000589982
0.000592481
 0.00236422
 0.00529815
 0.00936601
  0.0145286
  0.0207363
  0.0279292
   0.036038
  0.0449848
  0.0546832
  0.0650399
  0.0759552
  0.0873238
  0.0990365
    0.11098
    0.12304
     0.1351
   0.147043
   0.158756
   0.170124
   0.181039
   0.191396
   0.201094
    0.21004
   0.218148
   0.225341
   0.231548
    0.23671
   0.240778
   0.243712
   0.245483
   0.246076
   0.245483
   0.243712
   0.240778
    0.23671
   0.231548
   0.225341
   0.218148
    0.21004
   0.201094
   0.191396
   0.181039
   0.170124
   0.158756
   0.147043
     0.1351
    0.12304
    0.11098
  0.0990365
  0.0873238
  0.0759552
  0.0650399
  0.0546832
  0.0449848
   0.036038
  0.0279292
  0.0207363
  0.0145286
 0.00936602
 0.00529815
 0.00236422
0.000592481
0.000594686
 0.00237302
 0.00531786
 0.00940087
  0.0145827
  0.0208134
  0.0280331
  0.0361721
  0.0451522
  0.0548867
  0.0652819
  0.0762378
  0.0876489
  0.0994051
   0.111393
   0.123498
   0.135603
   0.147591
   0.159347
   0.170758
   0.181713
   0.192108
   0.201842
   0.210822
    0.21896
   0.226179
    0.23241
   0.237591
   0.241674
   0.244618
   0.246397
   0.246991
   0.246397
   0.244618
   0.241674
   0.237591
    0.23241
   0.226179
    0.21896
   0.210822
   0.201842
   0.192108
   0.181713
   0.170758
   0.159347
   0.147591
   0.135603
   0.123498
   0.111393
  0.0994051
  0.0876489
  0.0762378
   0.065282
  0.0548867
  0.0451522
  0.0361721
  0.0280331
  0.0208134
  0.0145827
 0.00940087
 0.00531786
 0.00237302
0.000594686
0.000596597
 0.00238064
 0.00533495
 0.00943107
  0.0146295
  0.0208803
  0.0281232
  0.0362883
  0.0452972
   0.055063
  0.0654917
  0.0764828
  0.0879305
  0.0997245
   0.111751
   0.123895
   0.136039
   0.148065
   0.159859
   0.171306
   0.182297
   0.192725
   0.202491
   0.211499
   0.219664
   0.226906
   0.233157
   0.238355
   0.242451
   0.245405
   0.247189
   0.247785
   0.247189
   0.245405
   0.242451
   0.238355
   0.233157
   0.226906
   0.219664
   0.211499
   0.202491
   0.192725
   0.182297
   0.171306
   0.159859
   0.148065
   0.136038
   0.123895
   0.111751
  0.0997245
  0.0879305
  0.0764828
  0.0654917
   0.055063
  0.0452972
  0.0362884
  0.0281232
  0.0208803
  0.0146295
 0.00943107
 0.00533495
 0.00238064
0.000596597
0.000598215
  0.0023871
 0.00534942
 0.00945664
  0.0146692
  0.0209369
  0.0281994
  0.0363868
  0.0454201
  0.0552124
  0.0656693
  0.0766902
  0.0881689
  0.0999949
   0.112054
   0.124231
   0.136407
   0.148467
   0.160292
   0.171771
   0.182791
   0.193248
    0.20304
   0.212073
    0.22026
   0.227522
   0.233789
   0.239001
   0.243108
   0.246071
   0.247859
   0.248457
   0.247859
   0.246071
   0.243108
   0.239001
   0.233789
   0.227522
    0.22026
   0.212073
    0.20304
   0.193248
   0.182791
   0.171771
   0.160292
   0.148467
   0.136407
   0.124231
   0.112054
  0.0999949
  0.0881689
  0.0766902
  0.0656693
  0.0552124
  0.0454201
  0.0363868
  0.0281994
  0.0209369
  0.0146692
 0.00945664
 0.00534942
  0.0023871
0.000598215
0.000599539
 0.00239238
 0.00536126
 0.00947758
  0.0147017
  0.0209833
  0.0282619
  0.0364673
  0.0455206
  0.0553346
  0.0658147
    0.07686
   0.088364
   0.100216
   0.112302
   0.124506
   0.136709
   0.148795
   0.160647
   0.172151
   0.183196
   0.193676
   0.203489
   0.212542
   0.220747
   0.228025
   0.234306
    0.23953
   0.243646
   0.246615
   0.248407
   0.249007
   0.248407
   0.246615
   0.243646
    0.23953
   0.234306
   0.228025
   0.220747
   0.212542
   0.203489
   0.193676
   0.183196
   0.172151
   0.160647
   0.148795
   0.136709
   0.124506
   0.112302
   0.100216
   0.088364
    0.07686
  0.0658147
  0.0553346
  0.0455206
  0.0364673
  0.0282619
  0.0209833
  0.0147017
 0.00947758
 0.00536126
 0.00239238
0.000599539
 0.00060057
 0.00239649
 0.00537048
 0.00949388
   0.014727
  0.0210194
  0.0283105
    0.03653
  0.0455989
  0.0554297
  0.0659278
  0.0769921
   0.088516
   0.100389
   0.112495
    0.12472
   0.136944
   0.149051
   0.160923
   0.172447
   0.183511
   0.194009
   0.203839
   0.212907
   0.221127
   0.228417
   0.234709
   0.239942
   0.244065
   0.247039
   0.248835
   0.249435
   0.248835
   0.247039
   0.244065
   0.239942
   0.234709
   0.228417
   0.221127
   0.212907
   0.203839
   0.194009
   0.183511
   0.172447
   0.160923
   0.149051
   0.136944
    0.12472
   0.112495
   0.100389
   0.088516
  0.0769921
  0.0659278
  0.0554297
  0.0455989
    0.03653
  0.0283105
  0.0210194
   0.014727
 0.00949388
 0.00537048
 0.00239649
 0.00060057
0.000601306
 0.00239943
 0.00537706
 0.00950552
   0.014745
  0.0210451
  0.0283452
  0.0365748
  0.0456548
  0.0554977
  0.0660087
  0.0770865
  0.0886245
   0.100512
   0.112633
   0.124873
   0.137112
   0.149234
   0.161121
   0.172658
   0.183736
   0.194246
   0.204089
   0.213168
   0.221398
   0.228697
   0.234997
   0.240236
   0.244364
   0.247342
    0.24914
   0.249741
    0.24914
   0.247342
   0.244364
   0.240236
   0.234997
   0.228697
   0.221398
   0.213168
   0.204089
   0.194246
   0.183736
   0.172658
   0.161121
   0.149234
   0.137112
   0.124873
   0.112633
   0.100512
  0.0886245
  0.0770865
  0.0660087
  0.0554977
  0.0456548
  0.0365748
  0.0283452
  0.0210451
   0.014745
 0.00950552
 0.00537706
 0.00239943
0.000601306
0.000601749
  0.0024012
 0.00538102
 0.00951251
  0.0147559
  0.0210606
   0.028366
  0.0366017
  0.0456884
  0.0555385
  0.0660572
  0.0771432
  0.0886897
   0.100585
   0.112716
   0.124964
   0.137213
   0.149343
   0.161239
   0.172785
   0.183871
   0.194389
   0.204239
   0.213325
    0.22156
   0.228865
    0.23517
   0.240412
   0.244544
   0.247523
   0.249323
   0.249924
   0.249323
   0.247523
   0.244544
   0.240412
   0.235169
   0.228865
    0.22156
   0.213325
   0.204239
   0.194389
   0.183871
   0.172785
   0.161239
   0.149343
   0.137213
   0.124964
   0.112716
   0.100585
  0.0886897
  0.0771432
  0.0660572
  0.0555385
  0.0456884
  0.0366017
   0.028366
  0.0210606
  0.0147559
 0.00951252
 0.00538102
  0.0024012
0.000601749
0.000601898
 0.00240179
 0.00538235
 0.00951486
  0.0147595
  0.0210658
   0.028373
  0.0366108
  0.0456997
  0.0555522
  0.0660735
  0.0771622
  0.0887116
    0.10061
   0.112744
   0.124995
   0.137247
    0.14938
   0.161279
   0.172828
   0.183916
   0.194437
   0.204289
   0.213378
   0.221615
   0.228922
   0.235227
   0.240472
   0.244604
   0.247584
   0.249384
   0.249986
   0.249384
   0.247584
   0.244604
   0.240472
   0.235227
   0.228922
   0.221615
   0.213378
   0.204289
   0.194437
   0.183916
   0.172828
   0.161279
    0.14938
   0.137247
   0.124995
   0.112744
    0.10061
  0.0887116
  0.0771623
  0.0660735
  0.0555522
  0.0456997
  0.0366108
   0.028373
  0.0210658
  0.0147595
 0.00951486
 0.00538235
 0.00240179
0.000601897
0.000601752
 0.00240121
 0.00538105
 0.00951257
   0.014756
  0.0210608
  0.0283662
  0.0366019
  0.0456887
  0.0555388
  0.0660576
  0.0771437
  0.0886902
   0.100586
   0.112717
   0.124965
   0.137214
   0.149344
    0.16124
   0.172786
   0.183872
    0.19439
    0.20424
   0.213326
   0.221561
   0.228866
   0.235171
   0.240414
   0.244545
   0.247525
   0.249324
   0.249926
   0.249324
   0.247525
   0.244545
   0.240414
   0.235171
   0.228866
   0.221561
   0.213326
    0.20424
    0.19439
   0.183872
   0.172786
    0.16124
   0.149344
   0.137214
   0.124965
   0.112717
   0.100586
  0.0886902
  0.0771437
  0.0660576
  0.0555388
  0.0456887
  0.0366019
  0.0283662
  0.0210608
   0.014756
 0.00951257
 0.00538105
 0.00240121
0.000601753
0.000601313
 0.00239946
 0.00537713
 0.00950563
  0.0147452
  0.0210454
  0.0283455
  0.0365752
  0.0456553
  0.0554983
  0.0660094
  0.0770874
  0.0886255
   0.100513
   0.112634
   0.124874
   0.137114
   0.149235
   0.161122
    0.17266
   0.183738
   0.194249
   0.204091
   0.213171
     0.2214
     0.2287
      0.235
   0.240239
   0.244367
   0.247344
   0.249143
   0.249744
   0.249143
   0.247344
   0.244367
   0.240239
      0.235
     0.2287
     0.2214
   0.213171
   0.204091
   0.194249
   0.183738
    0.17266
   0.161122
   0.149235
   0.137114
   0.124874
   0.112634
   0.100513
  0.0886255
  0.0770874
  0.0660094
  0.0554983
  0.0456553
  0.0365752
  0.0283455
  0.0210454
  0.0147452
 0.00950563
 0.00537713
 0.00239946
0.000601313
 0.00060058
 0.00239653
 0.00537057
 0.00949403
  0.0147272
  0.0210197
  0.0283109
  0.0365306
  0.0455997
  0.0554307
  0.0659289
  0.0769934
  0.0885175
    0.10039
   0.112497
   0.124722
   0.136947
   0.149054
   0.160926
    0.17245
   0.183514
   0.194012
   0.203843
   0.212911
    0.22113
   0.228421
   0.234713
   0.239946
   0.244069
   0.247043
   0.248839
    0.24944
   0.248839
   0.247043
   0.244069
   0.239946
   0.234713
   0.228421
    0.22113
   0.212911
   0.203843
   0.194012
   0.183514
    0.17245
   0.160926
   0.149054
   0.136947
   0.124722
   0.112497
    0.10039
  0.0885175
  0.0769934
  0.0659289
  0.0554307
  0.0455997
  0.0365306
  0.0283109
  0.0210197
  0.0147272
 0.00949403
 0.00537057
 0.00239653
 0.00060058
0.000599552
 0.00239243
 0.00536138
 0.00947779
   0.014702
  0.0209838
  0.0282625
  0.0364681
  0.0455217
  0.0553358
  0.0658162
  0.0768617
  0.0883661
   0.100218
   0.112305
   0.124509
   0.136712
   0.148798
   0.160651
   0.172155
     0.1832
    0.19368
   0.203494
   0.212547
   0.220752
    0.22803
   0.234312
   0.239536
   0.243652
    0.24662
   0.248413
   0.249013
   0.248413
    0.24662
   0.243652
   0.239536
   0.234312
    0.22803
   0.220752
   0.212547
   0.203494
    0.19368
     0.1832
   0.172155
   0.160651
   0.148798
   0.136712
   0.124509
   0.112305
   0.100219
  0.0883661
  0.0768617
  0.0658162
  0.0553359
  0.0455217
  0.0364681
  0.0282625
  0.0209838
   0.014702
 0.00947779
 0.00536138
 0.00239243
0.000599552
0.000598231
 0.00238716
 0.00534957
 0.00945691
  0.0146696
  0.0209375
  0.0282002
  0.0363878
  0.0454214
   0.055214
  0.0656712
  0.0766924
  0.0881715
  0.0999978
   0.112057
   0.124234
   0.136411
   0.148471
   0.160297
   0.171776
   0.182797
   0.193254
   0.203046
   0.212079
   0.220266
   0.227528
   0.233796
   0.239008
   0.243115
   0.246078
   0.247866
   0.248465
   0.247866
   0.246078
   0.243115
   0.239008
   0.233796
   0.227528
   0.220266
   0.212079
   0.203046
   0.193254
   0.182797
   0.171776
   0.160297
   0.148471
   0.136411
   0.124234
   0.112057
  0.0999978
  0.0881715
  0.0766924
  0.0656712
   0.055214
  0.0454214
  0.0363878
  0.0282003
  0.0209375
  0.0146696
 0.00945691
 0.00534957
 0.00238716
0.000598232
0.000596617
 0.00238072
 0.00533513
 0.00943138
    0.01463
   0.020881
  0.0281241
  0.0362896
  0.0452987
  0.0550649
  0.0654939
  0.0764854
  0.0879334
  0.0997278
   0.111755
   0.123899
   0.136043
    0.14807
   0.159864
   0.171312
   0.182303
   0.192732
   0.202498
   0.211506
   0.219671
   0.226914
   0.233165
   0.238363
   0.242459
   0.245413
   0.247197
   0.247794
   0.247197
   0.245413
   0.242459
   0.238363
   0.233165
   0.226914
   0.219672
   0.211506
   0.202498
   0.192732
   0.182303
   0.171312
   0.159864
    0.14807
   0.136043
   0.123899
   0.111755
  0.0997278
  0.0879334
  0.0764853
  0.0654939
  0.0550649
  0.0452987
  0.0362896
  0.0281241
   0.020881
    0.01463
 0.00943138
 0.00533513
 0.00238072
0.000596617
0.000594709
 0.00237311
 0.00531807
 0.00940122
  0.0145833
  0.0208142
  0.0280342
  0.0361735
  0.0451539
  0.0548888
  0.0652845
  0.0762408
  0.0876522
  0.0994089
   0.111398
   0.123503
   0.135608
   0.147597
   0.159353
   0.170764
    0.18172
   0.192116
    0.20185
    0.21083
   0.218969
   0.226189
   0.232419
   0.237601
   0.241684
   0.244628
   0.246407
   0.247001
   0.246407
   0.244628
   0.241684
   0.237601
   0.232419
   0.226189
   0.218969
    0.21083
    0.20185
   0.192116
    0.18172
   0.170764
   0.159353
   0.147597
   0.135608
   0.123503
   0.111398
  0.0994089
  0.0876522
  0.0762408
  0.0652845
  0.0548888
  0.0451539
  0.0361735
  0.0280342
  0.0208142
  0.0145833
 0.00940122
 0.00531807
 0.00237311
0.000594709
0.000592507
 0.00236432
 0.00529838
 0.00936642
  0.0145293
  0.0207372
  0.0279304
  0.0360396
  0.0449867
  0.0546856
  0.0650427
  0.0759585
  0.0873277
  0.0990408
   0.110985
   0.123045
   0.135106
    0.14705
   0.158763
   0.170132
   0.181047
   0.191404
   0.201103
   0.210049
   0.218158
   0.225351
   0.231558
   0.236721
   0.240789
   0.243722
   0.245494
   0.246086
   0.245494
   0.243722
   0.240789
   0.236721
   0.231558
   0.225351
   0.218158
   0.210049
   0.201103
   0.191404
   0.181047
   0.170132
   0.158763
    0.14705
   0.135106
   0.123046
   0.110985
  0.0990408
  0.0873277
  0.0759585
  0.0650428
  0.0546856
  0.0449867
  0.0360396
  0.0279304
  0.0207372
  0.0145293
 0.00936642
 0.00529838
 0.00236432
0.000592507
0.000590011
 0.00235436
 0.00527605
 0.00932696
   0.014468
  0.0206498
  0.0278127
  0.0358878
  0.0447972
  0.0544552
  0.0647687
  0.0756384
  0.0869597
  0.0986235
   0.110517
   0.122527
   0.134537
    0.14643
   0.158094
   0.169415
   0.180285
   0.190598
   0.200255
   0.209164
   0.217239
   0.224401
   0.230583
   0.235724
   0.239774
   0.242696
    0.24446
    0.24505
    0.24446
   0.242696
   0.239774
   0.235724
   0.230583
   0.224401
   0.217239
   0.209164
   0.200255
   0.190598
   0.180285
   0.169415
   0.158094
    0.14643
   0.134537
   0.122527
   0.110517
  0.0986235
  0.0869597
  0.0756384
  0.0647687
  0.0544552
  0.0447972
  0.0358878
  0.0278127
  0.0206498
   0.014468
 0.00932695
 0.00527605
 0.00235436
0.000590011
0.000587221
 0.00234323
 0.00525111
 0.00928285
  0.0143996
  0.0205522
  0.0276812
  0.0357181
  0.0445854
  0.0541977
  0.0644625
  0.0752808
  0.0865486
  0.0981573
   0.109995
   0.121948
   0.133901
   0.145738
   0.157347
   0.168614
   0.179432
   0.189697
   0.199309
   0.208175
   0.216212
   0.223341
   0.229493
   0.234609
   0.238641
   0.241548
   0.243304
   0.243891
   0.243304
   0.241548
   0.238641
   0.234609
   0.229493
   0.223341
   0.216212
   0.208175
   0.199309
   0.189697
   0.179432
   0.168614
   0.157347
   0.145738
   0.133901
   0.121948
   0.109995
  0.0981572
  0.0865486
  0.0752808
  0.0644625
  0.0541977
  0.0445854
  0.0357181
  0.0276812
  0.0205522
  0.0143996
 0.00928285
 0.00525111
 0.00234323
0.000587221
0.000584136
 0.00233092
 0.00522352
 0.00923409
   0.014324
  0.0204442
  0.0275358
  0.0355304
  0.0443512
   0.053913
  0.0641239
  0.0748854
   0.086094
  0.0976417
   0.109417
   0.121307
   0.133197
   0.144973
    0.15652
   0.167729
    0.17849
     0.1887
   0.198262
   0.207082
   0.215077
   0.222168
   0.228288
   0.233377
   0.237388
    0.24028
   0.242027
   0.242611
   0.242027
    0.24028
   0.237388
   0.233377
   0.228288
   0.222168
   0.215077
   0.207082
   0.198262
     0.1887
    0.17849
   0.167729
    0.15652
   0.144973
   0.133197
   0.121307
   0.109417
  0.0976417
   0.086094
  0.0748855
  0.0641239
   0.053913
  0.0443512
  0.0355305
  0.0275358
  0.0204442
   0.014324
 0.00923409
 0.00522352
 0.00233092
0.000584136
0.000580759
 0.00231744
 0.00519332
  0.0091807
  0.0142412
   0.020326
  0.0273766
   0.035325
  0.0440947
  0.0536013
  0.0637531
  0.0744525
  0.0855962
  0.0970772
   0.108785
   0.120606
   0.132427
   0.144135
   0.155615
   0.166759
   0.177458
   0.187609
   0.197116
   0.205885
   0.213833
   0.220883
   0.226968
   0.232028
   0.236015
   0.238891
   0.240627
   0.241208
   0.240627
   0.238891
   0.236015
   0.232028
   0.226968
   0.220883
   0.213833
   0.205885
   0.197116
   0.187609
   0.177458
   0.166759
   0.155615
   0.144135
   0.132427
   0.120606
   0.108785
  0.0970772
  0.0855962
  0.0744525
  0.0637531
  0.0536013
  0.0440947
   0.035325
  0.0273766
   0.020326
  0.0142412
  0.0091807
 0.00519332
 0.00231744
0.000580759
0.000577087
 0.00230279
 0.00516049
 0.00912266
  0.0141511
  0.0201975
  0.0272035
  0.0351017
   0.043816
  0.0532625
  0.0633502
  0.0739819
  0.0850552
  0.0964636
   0.108097
   0.119844
    0.13159
   0.143223
   0.154632
   0.165705
   0.176336
   0.186423
   0.195869
   0.204583
   0.212481
   0.219487
   0.225533
   0.230561
   0.234523
   0.237381
   0.239106
   0.239683
   0.239106
   0.237381
   0.234523
   0.230561
   0.225533
   0.219487
   0.212481
   0.204583
   0.195869
   0.186423
   0.176336
   0.165705
   0.154632
   0.143223
    0.13159
   0.119844
   0.108097
  0.0964636
  0.0850552
  0.0739819
  0.0633502
  0.0532625
   0.043816
  0.0351017
  0.0272035
  0.0201975
  0.0141511
 0.00912266
 0.00516049
 0.00230279
0.000577087
0.000573121
 0.00228697
 0.00512503
 0.00905997
  0.0140539
  0.0200587
  0.0270166
  0.0348605
  0.0435149
  0.0528964
  0.0629147
  0.0734734
  0.0844706
  0.0958006
   0.107354
    0.11902
   0.130686
   0.142239
   0.153569
   0.164566
   0.175124
   0.185142
   0.194524
   0.203178
   0.211021
   0.217979
   0.223983
   0.228977
   0.232911
   0.235749
   0.237463
   0.238036
   0.237463
   0.235749
   0.232911
   0.228977
   0.223983
   0.217979
   0.211021
   0.203178
   0.194524
   0.185142
   0.175124
   0.164566
   0.153569
   0.142239
   0.130686
    0.11902
   0.107354
  0.0958006
  0.0844706
  0.0734734
  0.0629147
  0.0528964
  0.0435149
  0.0348605
  0.0270166
  0.0200587
  0.0140539
 0.00905997
 0.00512503
 0.00228697
0.000573121
0.000568861
 0.00226996
 0.00508693
 0.00899262
  0.0139494
  0.0199096
  0.0268157
  0.0346014
  0.0431914
  0.0525033
  0.0624472
  0.0729273
  0.0838428
  0.0950886
   0.106556
   0.118135
   0.129715
   0.141182
   0.152428
   0.163343
   0.173823
   0.183767
   0.193078
   0.201668
   0.209453
   0.216359
   0.222319
   0.227276
   0.231181
   0.233998
   0.235699
   0.236268
   0.235699
   0.233998
   0.231181
   0.227276
   0.222319
   0.216359
   0.209453
   0.201668
   0.193078
   0.183767
   0.173823
   0.163343
   0.152428
   0.141182
   0.129715
   0.118135
   0.106556
  0.0950886
  0.0838429
  0.0729273
  0.0624472
  0.0525033
  0.0431914
  0.0346014
  0.0268158
  0.0199096
  0.0139494
 0.00899262
 0.00508693
 0.00226996
0.000568861
0.000564308
  0.0022518
 0.00504621
 0.00892064
  0.0138378
  0.0197502
  0.0266011
  0.0343244
  0.0428457
   0.052083
  0.0619473
  0.0723436
  0.0831717
  0.0943275
   0.105703
    0.11719
   0.128676
   0.140052
   0.151208
   0.162036
   0.172432
   0.182296
   0.191533
   0.200054
   0.207777
   0.214628
    0.22054
   0.225457
   0.229331
   0.232125
   0.233812
   0.234377
   0.233812
   0.232125
   0.229331
   0.225457
    0.22054
   0.214628
   0.207777
   0.200054
   0.191533
   0.182296
   0.172432
   0.162036
   0.151208
   0.140052
   0.128676
    0.11719
   0.105703
  0.0943275
  0.0831717
  0.0723436
  0.0619473
   0.052083
  0.0428457
  0.0343244
  0.0266011
  0.0197502
  0.0138378
 0.00892064
 0.00504621
  0.0022518
0.000564308
 0.00055946
 0.00223245
 0.00500287
 0.00884402
  0.0137189
  0.0195806
  0.0263726
  0.0340296
  0.0424777
  0.0516356
  0.0614151
  0.0717221
  0.0824573
  0.0935172
   0.104795
   0.116183
   0.127571
   0.138849
   0.149909
   0.160644
   0.170951
    0.18073
   0.189888
   0.198335
   0.205992
   0.212784
   0.218645
    0.22352
   0.227361
   0.230131
   0.231804
   0.232364
   0.231804
   0.230131
   0.227361
    0.22352
   0.218645
   0.212784
   0.205992
   0.198335
   0.189887
    0.18073
   0.170951
   0.160644
   0.149909
   0.138849
   0.127571
   0.116183
   0.104795
  0.0935172
  0.0824573
  0.0717221
  0.0614151
  0.0516356
  0.0424777
  0.0340296
  0.0263726
  0.0195806
  0.0137189
 0.00884402
 0.00500287
 0.00223245
 0.00055946
0.000554319
 0.00221194
 0.00495689
 0.00876275
  0.0135928
  0.0194007
  0.0261303
  0.0337168
  0.0420873
  0.0511611
  0.0608508
   0.071063
  0.0816995
  0.0926578
   0.103832
   0.115115
   0.126399
   0.137573
   0.148531
   0.159168
    0.16938
   0.179069
   0.188143
   0.196513
   0.204099
   0.210828
   0.216636
   0.221466
   0.225272
   0.228016
   0.229674
   0.230228
   0.229674
   0.228016
   0.225272
   0.221466
   0.216636
   0.210828
   0.204099
   0.196513
   0.188143
   0.179069
    0.16938
   0.159168
   0.148531
   0.137573
   0.126399
   0.115115
   0.103832
  0.0926578
  0.0816995
   0.071063
  0.0608508
  0.0511611
  0.0420873
  0.0337168
  0.0261303
  0.0194007
  0.0135928
 0.00876275
 0.00495689
 0.00221194
 0.00055432
0.000548884
 0.00219025
 0.00490829
 0.00867683
  0.0134596
  0.0192104
  0.0258741
  0.0333863
  0.0416747
  0.0506595
  0.0602542
  0.0703663
  0.0808985
  0.0917493
   0.102814
   0.113987
   0.125159
   0.136224
   0.147075
   0.157607
   0.167719
   0.177313
   0.186298
   0.194586
   0.202098
   0.208761
   0.214512
   0.219294
   0.223063
   0.225781
   0.227422
   0.227971
   0.227422
   0.225781
   0.223063
   0.219294
   0.214512
   0.208761
   0.202098
   0.194586
   0.186298
   0.177313
   0.167719
   0.157607
   0.147075
   0.136224
   0.125159
   0.113987
   0.102814
  0.0917493
  0.0808985
  0.0703663
  0.0602542
  0.0506595
  0.0416747
  0.0333863
  0.0258741
  0.0192104
  0.0134596
 0.00867683
 0.00490829
 0.00219025
0.000548884
0.000543155
 0.00216739
 0.00485705
 0.00858625
  0.0133191
  0.0190099
   0.025604
  0.0330377
  0.0412396
  0.0501306
  0.0596252
  0.0696317
   0.080054
  0.0907916
   0.101741
   0.112797
   0.123853
   0.134802
    0.14554
   0.155962
   0.165968
   0.175463
   0.184353
   0.192555
   0.199988
   0.206582
   0.212273
   0.217005
   0.220734
   0.223424
   0.225048
   0.225591
   0.225048
   0.223424
   0.220734
   0.217005
   0.212273
   0.206582
   0.199988
   0.192555
   0.184353
   0.175463
   0.165968
   0.155962
    0.14554
   0.134802
   0.123853
   0.112797
   0.101741
  0.0907916
   0.080054
  0.0696317
  0.0596252
  0.0501306
  0.0412396
  0.0330377
   0.025604
  0.0190099
  0.0133191
 0.00858625
 0.00485705
 0.00216739
0.000543155
0.000537131
 0.00214335
 0.00480319
 0.00849103
  0.0131714
  0.0187991
    0.02532
  0.0326714
  0.0407823
  0.0495747
   0.058964
  0.0688596
  0.0791663
  0.0897848
   0.100613
   0.111546
   0.122479
   0.133307
   0.143926
   0.154232
   0.164128
   0.173517
   0.182309
    0.19042
   0.197771
   0.204291
   0.209919
   0.214599
   0.218287
   0.220946
   0.222553
    0.22309
   0.222553
   0.220946
   0.218287
   0.214599
   0.209919
   0.204291
   0.197771
    0.19042
   0.182309
   0.173517
   0.164128
   0.154232
   0.143926
   0.133307
   0.122479
   0.111546
   0.100613
  0.0897847
  0.0791663
  0.0688596
   0.058964
  0.0495747
  0.0407823
  0.0326714
    0.02532
  0.0187991
  0.0131714
 0.00849103
 0.00480319
 0.00214335
0.000537131
0.000530815
 0.00211815
  0.0047467
 0.00839118
  0.0130165
   0.018578
  0.0250223
  0.0322872
  0.0403027
  0.0489917
  0.0582706
  0.0680498
  0.0782353
  0.0887289
  0.0994297
   0.110234
   0.121039
    0.13174
   0.142233
   0.152419
   0.162198
   0.171476
   0.180165
    0.18818
   0.195445
   0.201889
    0.20745
   0.212075
    0.21572
   0.218348
   0.219935
   0.220466
   0.219935
   0.218348
    0.21572
   0.212075
    0.20745
   0.201889
   0.195445
    0.18818
   0.180165
   0.171476
   0.162198
   0.152419
   0.142233
    0.13174
   0.121039
   0.110234
  0.0994296
  0.0887289
  0.0782353
  0.0680498
  0.0582706
  0.0489917
  0.0403027
  0.0322872
  0.0250223
   0.018578
  0.0130165
 0.00839118
  0.0047467
 0.00211815
0.000530815
0.000524203
 0.00209176
 0.00468758
 0.00828666
  0.0128543
  0.0183466
  0.0247106
   0.031885
  0.0398008
  0.0483816
  0.0575448
  0.0672022
  0.0772608
  0.0876238
  0.0981912
   0.108861
   0.119531
   0.130099
   0.140462
    0.15052
   0.160177
    0.16934
   0.177921
   0.185836
   0.193011
   0.199374
   0.204866
   0.209434
   0.213033
   0.215628
   0.217196
    0.21772
   0.217196
   0.215628
   0.213033
   0.209434
   0.204866
   0.199374
   0.193011
   0.185836
   0.177921
    0.16934
   0.160177
    0.15052
   0.140462
   0.130099
   0.119531
   0.108861
  0.0981912
  0.0876238
  0.0772609
  0.0672022
  0.0575448
  0.0483816
  0.0398008
   0.031885
  0.0247106
  0.0183466
  0.0128543
 0.00828666
 0.00468758
 0.00209176
0.000524203
0.000517298
 0.00206421
 0.00462583
  0.0081775
   0.012685
  0.0181049
  0.0243851
   0.031465
  0.0392764
  0.0477442
  0.0567867
  0.0663169
  0.0762431
  0.0864695
  0.0968977
   0.107427
   0.117957
   0.128385
   0.138611
   0.148537
   0.158067
    0.16711
   0.175577
   0.183388
   0.190468
   0.196748
   0.202168
   0.206675
   0.210227
   0.212788
   0.214335
   0.214852
   0.214335
   0.212788
   0.210227
   0.206675
   0.202168
   0.196748
   0.190468
   0.183389
   0.175577
    0.16711
   0.158067
   0.148537
   0.138611
   0.128385
   0.117957
   0.107427
  0.0968977
  0.0864695
  0.0762431
   0.066317
  0.0567867
  0.0477442
  0.0392764
   0.031465
  0.0243851
  0.0181049
   0.012685
  0.0081775
 0.00462583
 0.00206421
0.000517298
0.000510098
 0.00203548
 0.00456145
 0.00806369
  0.0125085
   0.017853
  0.0240457
  0.0310271
  0.0387298
  0.0470797
  0.0559964
   0.065394
   0.075182
   0.085266
  0.0955492
   0.105932
   0.116315
   0.126598
   0.136682
    0.14647
   0.155868
   0.164784
   0.173134
   0.180836
   0.187817
    0.19401
   0.199354
   0.203799
   0.207301
   0.209827
   0.211352
   0.211862
   0.211352
   0.209827
   0.207301
   0.203799
   0.199354
    0.19401
   0.187817
   0.180836
   0.173134
   0.164784
   0.155868
    0.14647
   0.136682
   0.126598
   0.116315
   0.105932
  0.0955492
  0.0852661
   0.075182
   0.065394
  0.0559964
  0.0470797
  0.0387298
  0.0310271
  0.0240457
   0.017853
  0.0125085
 0.00806369
 0.00456145
 0.00203548
0.000510098
0.000502604
 0.00200558
 0.00449444
 0.00794523
  0.0123247
  0.0175907
  0.0236924
  0.0305712
  0.0381608
  0.0463881
  0.0551738
  0.0644333
  0.0740775
  0.0840135
  0.0941455
   0.104376
   0.114607
   0.124739
   0.134675
   0.144319
   0.153578
   0.162363
    0.17059
    0.17818
   0.185058
    0.19116
   0.196426
   0.200805
   0.204256
   0.206745
   0.208247
    0.20875
   0.208247
   0.206745
   0.204256
   0.200805
   0.196426
    0.19116
   0.185058
    0.17818
   0.170591
   0.162363
   0.153578
   0.144319
   0.134675
   0.124739
   0.114607
   0.104376
  0.0941456
  0.0840135
  0.0740775
  0.0644334
  0.0551738
  0.0463881
  0.0381608
  0.0305713
  0.0236925
  0.0175907
  0.0123247
 0.00794523
 0.00449444
 0.00200558
0.000502605
0.000494817
  0.0019745
 0.00442481
 0.00782213
  0.0121337
  0.0173181
  0.0233254
  0.0300976
  0.0375696
  0.0456694
   0.054319
  0.0634351
  0.0729299
  0.0827119
   0.092687
   0.102759
   0.112831
   0.122806
   0.132588
   0.142083
   0.151199
   0.159848
   0.167948
   0.175419
   0.182191
   0.188198
   0.193383
   0.197694
   0.201091
   0.203541
   0.205021
   0.205516
   0.205021
   0.203541
   0.201091
   0.197694
   0.193383
   0.188198
   0.182191
   0.175419
   0.167948
   0.159848
   0.151199
   0.142083
   0.132588
   0.122806
   0.112831
   0.102759
   0.092687
  0.0827119
  0.0729299
  0.0634351
   0.054319
  0.0456694
  0.0375696
  0.0300976
  0.0233254
  0.0173181
  0.0121338
 0.00782213
 0.00442481
  0.0019745
0.000494817
0.000486735
 0.00194225
 0.00435253
 0.00769436
  0.0119356
  0.0170353
  0.0229444
   0.029606
   0.036956
  0.0449235
  0.0534318
   0.062399
  0.0717387
   0.081361
  0.0911731
   0.101081
   0.110988
     0.1208
   0.130423
   0.139762
   0.148729
   0.157237
   0.165205
   0.172554
   0.179216
   0.185125
   0.190224
   0.194465
   0.197807
   0.200217
   0.201673
   0.202159
   0.201673
   0.200217
   0.197807
   0.194465
   0.190224
   0.185125
   0.179216
   0.172554
   0.165205
   0.157237
   0.148729
   0.139762
   0.130423
     0.1208
   0.110988
   0.101081
  0.0911732
   0.081361
  0.0717387
   0.062399
  0.0534318
  0.0449235
   0.036956
   0.029606
  0.0229444
  0.0170353
  0.0119356
 0.00769436
 0.00435253
 0.00194225
0.000486735
 0.00047836
 0.00190883
 0.00427764
 0.00756198
  0.0117302
  0.0167422
  0.0225496
  0.0290966
  0.0363201
  0.0441505
  0.0525124
  0.0613254
  0.0705044
  0.0799611
  0.0896044
  0.0993415
   0.109079
   0.118722
   0.128178
   0.137357
    0.14617
   0.154532
   0.162362
   0.169585
   0.176132
   0.181939
   0.186951
   0.191119
   0.194403
   0.196772
   0.198202
   0.198681
   0.198202
   0.196772
   0.194403
   0.191119
   0.186951
   0.181939
   0.176132
   0.169585
   0.162362
   0.154532
    0.14617
   0.137357
   0.128178
   0.118722
   0.109079
  0.0993415
  0.0896044
  0.0799611
  0.0705044
  0.0613254
  0.0525125
  0.0441505
  0.0363201
  0.0290966
  0.0225496
  0.0167422
  0.0117302
 0.00756198
 0.00427764
 0.00190883
 0.00047836
0.000469691
 0.00187424
 0.00420012
 0.00742494
  0.0115176
  0.0164388
   0.022141
  0.0285693
  0.0356619
  0.0433504
  0.0515608
  0.0602139
  0.0692266
  0.0785119
  0.0879804
   0.097541
   0.107102
    0.11657
   0.125855
   0.134868
   0.143521
   0.151731
   0.159419
   0.166512
    0.17294
   0.178642
   0.183563
   0.187655
    0.19088
   0.193206
    0.19461
    0.19508
    0.19461
   0.193206
    0.19088
   0.187655
   0.183563
   0.178642
    0.17294
   0.166512
   0.159419
   0.151731
   0.143521
   0.134868
   0.125855
    0.11657
   0.107102
   0.097541
  0.0879804
  0.0785119
  0.0692266
  0.0602139
  0.0515608
  0.0433504
  0.0356619
  0.0285693
   0.022141
  0.0164388
  0.0115176
 0.00742494
 0.00420012
 0.00187424
0.000469691
0.000460727
 0.00183847
 0.00411997
 0.00728324
  0.0112978
   0.016125
  0.0217184
  0.0280241
  0.0349813
  0.0425231
  0.0505768
  0.0590648
  0.0679054
  0.0770136
  0.0863014
  0.0956796
   0.105058
   0.114345
   0.123453
   0.132294
   0.140782
   0.148835
   0.156377
   0.163334
    0.16964
   0.175233
    0.18006
   0.184074
   0.187237
   0.189519
   0.190896
   0.191357
   0.190896
   0.189519
   0.187237
   0.184074
    0.18006
   0.175233
    0.16964
   0.163334
   0.156377
   0.148835
   0.140782
   0.132294
   0.123453
   0.114345
   0.105058
  0.0956796
  0.0863014
  0.0770135
  0.0679054
  0.0590648
  0.0505768
  0.0425231
  0.0349813
  0.0280241
  0.0217184
   0.016125
  0.0112978
 0.00728323
 0.00411997
 0.00183847
0.000460727
0.000451469
 0.00180153
 0.00403718
 0.00713688
  0.0110708
   0.015801
   0.021282
   0.027461
  0.0342784
  0.0416686
  0.0495605
   0.057878
   0.066541
  0.0754661
  0.0845674
  0.0937571
   0.102947
   0.112048
   0.120973
   0.129636
   0.137953
   0.145845
   0.153235
   0.160052
   0.166231
   0.171712
   0.176442
   0.180376
   0.183476
   0.185711
   0.187061
   0.187513
   0.187061
   0.185711
   0.183476
   0.180376
   0.176442
   0.171712
   0.166231
   0.160052
   0.153235
   0.145845
   0.137953
   0.129636
   0.120973
   0.112048
   0.102947
  0.0937571
  0.0845673
  0.0754661
   0.066541
   0.057878
  0.0495605
  0.0416686
  0.0342784
   0.027461
   0.021282
   0.015801
  0.0110708
 0.00713688
 0.00403718
 0.00180153
0.000451469
0.000441918
 0.00176342
 0.00395177
 0.00698589
  0.0108366
  0.0154667
  0.0208318
    0.02688
  0.0335532
  0.0407871
   0.048512
  0.0566535
  0.0651332
  0.0738695
  0.0827782
  0.0917735
   0.100769
   0.109677
   0.118414
   0.126893
   0.135035
    0.14276
   0.149993
   0.156666
   0.162714
   0.168079
   0.172709
    0.17656
   0.179594
   0.181782
   0.183104
   0.183546
   0.183104
   0.181782
   0.179594
    0.17656
   0.172709
   0.168079
   0.162714
   0.156666
   0.149993
    0.14276
   0.135035
   0.126893
   0.118414
   0.109677
   0.100769
  0.0917735
  0.0827782
  0.0738695
  0.0651332
  0.0566535
   0.048512
  0.0407871
  0.0335532
    0.02688
  0.0208318
  0.0154667
  0.0108366
 0.00698589
 0.00395177
 0.00176342
0.000441918
0.000432072
 0.00172413
 0.00386372
 0.00683025
  0.0105951
  0.0151221
  0.0203676
  0.0262811
  0.0328057
  0.0398784
  0.0474312
  0.0553913
  0.0636821
  0.0722238
   0.080934
  0.0897289
  0.0985238
   0.107234
   0.115776
   0.124066
   0.132026
   0.139579
   0.146652
   0.153176
   0.159089
   0.164335
   0.168862
   0.172626
   0.175593
   0.177732
   0.179024
   0.179456
   0.179024
   0.177732
   0.175593
   0.172626
   0.168862
   0.164335
   0.159089
   0.153176
   0.146652
   0.139579
   0.132026
   0.124066
   0.115776
   0.107234
  0.0985238
  0.0897289
   0.080934
  0.0722238
  0.0636821
  0.0553913
  0.0474312
  0.0398784
  0.0328057
  0.0262811
  0.0203676
  0.0151221
  0.0105951
 0.00683025
 0.00386372
 0.00172413
0.000432072
0.000421932
 0.00168366
 0.00377305
 0.00666995
  0.0103465
  0.0147672
  0.0198896
  0.0256643
  0.0320357
  0.0389425
   0.046318
  0.0540913
  0.0621876
  0.0705288
  0.0790346
  0.0876232
  0.0962117
   0.104717
   0.113059
   0.121155
   0.128928
   0.136303
    0.14321
   0.149581
   0.155356
   0.160478
   0.164899
   0.168575
   0.171472
   0.173562
   0.174823
   0.175245
   0.174823
   0.173562
   0.171472
   0.168575
   0.164899
   0.160478
   0.155356
   0.149581
    0.14321
   0.136303
   0.128928
   0.121155
   0.113059
   0.104717
  0.0962117
  0.0876232
  0.0790346
  0.0705288
  0.0621876
  0.0540913
   0.046318
  0.0389425
  0.0320357
  0.0256643
  0.0198896
  0.0147672
  0.0103465
 0.00666995
 0.00377305
 0.00168366
0.000421932
0.000411498
 0.00164203
 0.00367975
 0.00650502
  0.0100906
  0.0144021
  0.0193978
  0.0250297
  0.0312435
  0.0379795
  0.0451726
  0.0527537
  0.0606498
  0.0687847
  0.0770802
  0.0854563
  0.0938324
   0.102128
   0.110263
   0.118159
    0.12574
   0.132933
   0.139669
   0.145882
   0.151514
    0.15651
   0.160821
   0.164407
   0.167232
   0.169269
     0.1705
   0.170911
     0.1705
   0.169269
   0.167232
   0.164407
   0.160821
    0.15651
   0.151514
   0.145882
   0.139669
   0.132933
    0.12574
   0.118159
   0.110263
   0.102128
  0.0938325
  0.0854563
  0.0770802
  0.0687847
  0.0606498
  0.0527537
  0.0451726
  0.0379795
  0.0312435
  0.0250297
  0.0193978
  0.0144021
  0.0100906
 0.00650502
 0.00367975
 0.00164203
0.000411498
 0.00040077
 0.00159922
 0.00358381
 0.00633542
 0.00982756
  0.0140266
  0.0188921
  0.0243772
   0.030429
  0.0369894
   0.043995
  0.0513785
  0.0590687
  0.0669915
  0.0750708
  0.0832286
  0.0913863
  0.0994655
   0.107388
   0.115078
   0.122462
   0.129467
   0.136027
   0.142079
   0.147564
    0.15243
   0.156628
   0.160121
   0.162872
   0.164857
   0.166055
   0.166456
   0.166055
   0.164857
   0.162872
   0.160121
   0.156628
    0.15243
   0.147564
   0.142079
   0.136027
   0.129467
   0.122462
   0.115078
   0.107388
  0.0994655
  0.0913863
  0.0832285
  0.0750708
  0.0669915
  0.0590687
  0.0513785
   0.043995
  0.0369893
   0.030429
  0.0243772
  0.0188921
  0.0140266
 0.00982756
 0.00633542
 0.00358381
 0.00159922
 0.00040077
0.000389749
 0.00155524
 0.00348525
  0.0061612
  0.0095573
  0.0136409
  0.0183725
  0.0237068
  0.0295922
  0.0359721
  0.0427851
  0.0499655
  0.0574442
  0.0651492
  0.0730062
  0.0809397
  0.0888731
    0.09673
   0.104435
   0.111914
   0.119094
   0.125907
   0.132287
   0.138172
   0.143506
   0.148238
   0.152321
   0.155717
   0.158393
   0.160323
   0.161488
   0.161878
   0.161488
   0.160323
   0.158393
   0.155717
   0.152321
   0.148238
   0.143506
   0.138172
   0.132286
   0.125907
   0.119094
   0.111914
   0.104435
    0.09673
  0.0888731
  0.0809396
  0.0730062
  0.0651492
  0.0574442
  0.0499655
  0.0427851
  0.0359721
  0.0295922
  0.0237068
  0.0183725
  0.0136409
  0.0095573
  0.0061612
 0.00348525
 0.00155524
0.000389749
0.000378433
 0.00151009
 0.00338406
 0.00598232
 0.00927982
  0.0132448
  0.0178391
  0.0230185
   0.028733
  0.0349277
  0.0415429
  0.0485148
  0.0557764
  0.0632576
  0.0708865
  0.0785896
  0.0862927
  0.0939215
   0.101403
   0.108664
   0.115636
   0.122251
   0.128446
    0.13416
   0.139339
   0.143934
   0.147899
   0.151196
   0.153794
   0.155668
     0.1568
   0.157178
     0.1568
   0.155668
   0.153794
   0.151196
   0.147899
   0.143934
   0.139339
    0.13416
   0.128446
   0.122251
   0.115636
   0.108664
   0.101403
  0.0939215
  0.0862926
  0.0785896
  0.0708865
  0.0632576
  0.0557764
  0.0485148
  0.0415429
  0.0349277
   0.028733
  0.0230185
  0.0178391
  0.0132448
 0.00927982
 0.00598231
 0.00338406
 0.00151009
0.000378433
0.000366823
 0.00146376
 0.00328024
 0.00579878
 0.00899512
  0.0128385
  0.0172918
  0.0223123
  0.0278515
  0.0338561
  0.0402684
  0.0470264
  0.0540652
  0.0613169
  0.0687118
  0.0761786
  0.0836453
  0.0910401
  0.0982919
   0.105331
   0.112089
   0.118501
   0.124505
   0.130044
   0.135065
   0.139518
   0.143361
   0.146558
   0.149076
   0.150893
    0.15199
   0.152356
    0.15199
   0.150893
   0.149076
   0.146558
   0.143361
   0.139518
   0.135065
   0.130044
   0.124505
   0.118501
   0.112089
   0.105331
  0.0982919
  0.0910401
  0.0836453
  0.0761786
  0.0687118
  0.0613169
  0.0540652
  0.0470264
  0.0402684
  0.0338561
  0.0278515
  0.0223123
  0.0172918
  0.0128385
 0.00899512
 0.00579878
 0.00328024
 0.00146376
0.000366823
0.000354919
 0.00141626
 0.00317379
  0.0056106
 0.00870322
  0.0124218
  0.0167307
  0.0215882
  0.0269477
  0.0327575
  0.0389616
  0.0455004
  0.0523107
  0.0593271
   0.066482
  0.0737064
  0.0809309
  0.0880857
  0.0951021
   0.101912
   0.108451
   0.114655
   0.120465
   0.125824
   0.130682
   0.134991
   0.138709
   0.141802
   0.144238
   0.145996
   0.147057
   0.147412
   0.147057
   0.145996
   0.144238
   0.141802
   0.138709
   0.134991
   0.130682
   0.125824
   0.120465
   0.114655
   0.108451
   0.101912
  0.0951021
  0.0880857
  0.0809309
  0.0737064
   0.066482
  0.0593271
  0.0523107
  0.0455004
  0.0389616
  0.0327575
  0.0269477
  0.0215882
  0.0167307
  0.0124219
 0.00870322
  0.0056106
 0.00317379
 0.00141626
0.000354919
0.000342721
 0.00136758
 0.00306472
 0.00541778
  0.0084041
  0.0119949
  0.0161557
  0.0208463
  0.0260215
  0.0316317
  0.0376226
  0.0439366
  0.0505129
  0.0572882
  0.0641972
  0.0711733
  0.0781495
  0.0850585
  0.0918337
  0.0984099
   0.104724
   0.110715
   0.116325
     0.1215
    0.12619
   0.130351
   0.133942
   0.136928
   0.139281
   0.140978
   0.142003
   0.142346
   0.142003
   0.140978
   0.139281
   0.136928
   0.133942
   0.130351
    0.12619
     0.1215
   0.116325
   0.110715
   0.104724
  0.0984099
  0.0918337
  0.0850585
  0.0781495
  0.0711733
  0.0641972
  0.0572882
  0.0505129
  0.0439366
  0.0376226
  0.0316317
  0.0260215
  0.0208463
  0.0161557
  0.0119949
  0.0084041
 0.00541778
 0.00306472
 0.00136758
0.000342721
0.000330228
 0.00131773
 0.00295301
 0.00522029
 0.00809777
  0.0115577
  0.0155668
  0.0200864
  0.0250731
  0.0304787
  0.0362512
  0.0423351
  0.0486717
     0.0552
  0.0618572
  0.0685791
   0.075301
  0.0819582
  0.0884865
   0.094823
   0.100907
   0.106679
   0.112085
   0.117071
   0.121591
     0.1256
    0.12906
   0.131937
   0.134205
    0.13584
   0.136827
   0.137157
   0.136827
    0.13584
   0.134205
   0.131937
    0.12906
     0.1256
   0.121591
   0.117071
   0.112085
   0.106679
   0.100907
   0.094823
  0.0884864
  0.0819581
   0.075301
  0.0685791
  0.0618572
     0.0552
  0.0486717
  0.0423351
  0.0362512
  0.0304787
  0.0250731
  0.0200864
  0.0155668
  0.0115577
 0.00809777
  0.0052203
 0.00295301
 0.00131773
0.000330228
0.000317442
 0.00126671
 0.00283867
 0.00501817
 0.00778423
  0.0111102
  0.0149641
  0.0193087
  0.0241023
  0.0292986
  0.0348476
  0.0406959
  0.0467872
  0.0530628
  0.0594622
  0.0659238
  0.0723855
  0.0787849
  0.0850604
  0.0911516
  0.0969999
   0.102549
   0.107745
   0.112539
   0.116883
   0.120737
   0.124063
   0.126829
   0.129009
   0.130581
    0.13153
   0.131847
    0.13153
   0.130581
   0.129009
   0.126829
   0.124063
   0.120737
   0.116883
   0.112539
   0.107745
   0.102549
  0.0969999
  0.0911516
  0.0850604
  0.0787849
  0.0723855
  0.0659238
  0.0594622
  0.0530628
  0.0467872
  0.0406959
  0.0348476
  0.0292986
  0.0241023
  0.0193087
  0.0149641
  0.0111102
 0.00778423
 0.00501817
 0.00283867
 0.00126671
0.000317442
0.000304362
 0.00121452
  0.0027217
  0.0048114
 0.00746349
  0.0106524
  0.0143475
  0.0185131
  0.0231091
  0.0280913
  0.0334117
  0.0390191
  0.0448594
  0.0508763
  0.0570121
  0.0632075
  0.0694029
  0.0755386
  0.0815556
  0.0873959
  0.0930032
  0.0983236
   0.103306
   0.107902
   0.112067
   0.115762
   0.118951
   0.121603
   0.123693
     0.1252
    0.12611
   0.126415
    0.12611
     0.1252
   0.123693
   0.121603
   0.118951
   0.115762
   0.112067
   0.107902
   0.103306
  0.0983236
  0.0930032
  0.0873959
  0.0815556
  0.0755386
  0.0694029
  0.0632075
  0.0570121
  0.0508764
  0.0448594
  0.0390191
  0.0334117
  0.0280914
  0.0231091
  0.0185131
  0.0143475
  0.0106524
 0.00746349
  0.0048114
  0.0027217
 0.00121452
0.000304363
0.000290988
 0.00116115
 0.00260211
 0.00459998
 0.00713552
  0.0101843
   0.013717
  0.0176996
  0.0220937
   0.026857
  0.0319436
  0.0373045
  0.0428882
  0.0486408
   0.054507
  0.0604301
  0.0663533
  0.0722194
   0.077972
  0.0835557
  0.0889166
  0.0940031
  0.0987664
    0.10316
   0.107143
   0.110676
   0.113724
    0.11626
   0.118258
   0.119699
   0.120569
    0.12086
   0.120569
   0.119699
   0.118258
    0.11626
   0.113724
   0.110676
   0.107143
    0.10316
  0.0987664
  0.0940032
  0.0889166
  0.0835557
   0.077972
  0.0722194
  0.0663533
  0.0604301
   0.054507
  0.0486408
  0.0428882
  0.0373046
  0.0319436
   0.026857
  0.0220937
  0.0176996
   0.013717
  0.0101843
 0.00713552
 0.00459998
 0.00260211
 0.00116115
0.000290988
 0.00027732
 0.00110661
 0.00247988
 0.00438391
 0.00680035
 0.00970595
  0.0130727
  0.0168682
  0.0210559
  0.0255954
  0.0304431
  0.0355523
  0.0408736
   0.046356
  0.0519467
  0.0575916
  0.0632366
  0.0688272
  0.0743096
   0.079631
  0.0847401
  0.0895878
  0.0941273
   0.098315
    0.10211
   0.105477
   0.108383
   0.110799
   0.112703
   0.114077
   0.114906
   0.115183
   0.114906
   0.114077
   0.112703
   0.110799
   0.108383
   0.105477
    0.10211
   0.098315
  0.0941273
  0.0895878
  0.0847401
   0.079631
  0.0743096
  0.0688272
  0.0632366
  0.0575916
  0.0519467
  0.0463561
  0.0408737
  0.0355523
  0.0304431
  0.0255955
  0.0210559
  0.0168682
  0.0130727
 0.00970595
 0.00680035
 0.00438391
 0.00247988
 0.00110661
 0.00027732
0.000263358
  0.0010509
 0.00235503
  0.0041632
 0.00645799
  0.0092173
  0.0124146
   0.016019
  0.0199958
  0.0243069
  0.0289105
  0.0337624
  0.0388159
  0.0440223
  0.0493314
  0.0546921
  0.0600529
   0.065362
  0.0705684
  0.0756219
  0.0804738
  0.0850774
  0.0893884
  0.0933653
  0.0969697
   0.100167
   0.102926
   0.105221
   0.107029
   0.108333
   0.109121
   0.109384
   0.109121
   0.108333
   0.107029
   0.105221
   0.102926
   0.100167
  0.0969697
  0.0933653
  0.0893884
  0.0850774
  0.0804738
  0.0756219
  0.0705684
   0.065362
  0.0600529
  0.0546922
  0.0493314
  0.0440223
  0.0388159
  0.0337624
  0.0289105
  0.0243069
  0.0199958
   0.016019
  0.0124146
  0.0092173
 0.00645799
  0.0041632
 0.00235503
  0.0010509
0.000263358
0.000249102
 0.00099401
 0.00222755
 0.00393784
 0.00610841
 0.00871836
  0.0117426
  0.0151519
  0.0189135
  0.0229911
  0.0273455
  0.0319348
  0.0367148
  0.0416393
  0.0466611
  0.0517316
  0.0568022
  0.0618239
  0.0667485
  0.0715284
  0.0761177
  0.0804721
  0.0845497
  0.0883113
  0.0917206
  0.0947448
  0.0973548
  0.0995254
   0.101236
   0.102469
   0.103214
   0.103463
   0.103214
   0.102469
   0.101236
  0.0995254
  0.0973548
  0.0947448
  0.0917206
  0.0883113
  0.0845497
  0.0804721
  0.0761177
  0.0715284
  0.0667485
  0.0618239
  0.0568022
  0.0517316
  0.0466611
  0.0416393
  0.0367148
  0.0319348
  0.0273455
  0.0229911
  0.0189135
  0.0151519
  0.0117426
 0.00871836
 0.00610841
 0.00393784
 0.00222755
 0.00099401
0.000249102
0.000234552
 0.00093595
 0.00209744
 0.00370783
 0.00575162
 0.00820912
  0.0110567
  0.0142668
  0.0178087
  0.0216482
  0.0257483
  0.0300695
  0.0345703
  0.0392072
  0.0439356
    0.04871
  0.0534845
  0.0582129
  0.0628498
  0.0673505
  0.0716717
  0.0757718
  0.0796113
  0.0831532
  0.0863633
  0.0892109
  0.0916684
  0.0937122
  0.0953226
  0.0964841
  0.0971855
  0.0974201
  0.0971855
  0.0964841
  0.0953226
  0.0937122
  0.0916684
  0.0892109
  0.0863633
  0.0831532
  0.0796113
  0.0757718
  0.0716717
  0.0673505
  0.0628498
  0.0582129
  0.0534845
    0.04871
  0.0439356
  0.0392072
  0.0345702
  0.0300695
  0.0257483
  0.0216482
  0.0178087
  0.0142668
  0.0110567
 0.00820912
 0.00575162
 0.00370783
 0.00209744
 0.00093595
0.000234552
0.000219709
 0.00087672
 0.00196471
 0.00347319
 0.00538764
 0.00768962
   0.010357
   0.013364
  0.0166817
  0.0202782
  0.0241188
  0.0281666
  0.0323825
   0.036726
  0.0411551
  0.0456274
  0.0500997
  0.0545289
  0.0588723
  0.0630882
   0.067136
  0.0709766
  0.0745731
  0.0778908
  0.0808978
  0.0835652
  0.0858671
  0.0877815
    0.08929
   0.090378
   0.091035
  0.0912547
   0.091035
   0.090378
    0.08929
  0.0877815
  0.0858671
  0.0835652
  0.0808978
  0.0778908
  0.0745731
  0.0709766
   0.067136
  0.0630882
  0.0588723
  0.0545289
  0.0500997
  0.0456274
  0.0411551
   0.036726
  0.0323825
  0.0281666
  0.0241188
  0.0202782
  0.0166817
   0.013364
   0.010357
 0.00768962
 0.00538764
 0.00347319
 0.00196471
 0.00087672
0.000219709
0.000204571
0.000816313
 0.00182934
 0.00323388
 0.00501643
  0.0071598
 0.00964336
  0.0124432
  0.0155323
   0.018881
   0.022457
  0.0262259
  0.0301514
  0.0341956
  0.0383196
  0.0424837
  0.0466479
  0.0507719
  0.0548161
  0.0587415
  0.0625104
  0.0660864
  0.0694351
  0.0725242
   0.075324
  0.0778076
   0.079951
  0.0817335
   0.083138
  0.0841511
  0.0847628
  0.0849674
  0.0847628
  0.0841511
   0.083138
  0.0817335
   0.079951
  0.0778076
   0.075324
  0.0725242
  0.0694351
  0.0660864
  0.0625104
  0.0587415
  0.0548161
  0.0507719
  0.0466479
  0.0424837
  0.0383196
  0.0341956
  0.0301514
  0.0262259
   0.022457
   0.018881
  0.0155323
  0.0124432
 0.00964336
  0.0071598
 0.00501643
 0.00323388
 0.00182934
0.000816313
0.000204571
0.000189139
0.000754736
 0.00169134
 0.00298994
 0.00463802
 0.00661971
 0.00891593
  0.0115046
  0.0143607
  0.0174568
   0.020763
  0.0242476
  0.0278769
   0.031616
  0.0354289
   0.039279
   0.043129
  0.0469419
  0.0506811
  0.0543104
   0.057795
  0.0611012
  0.0641973
  0.0670534
   0.069642
  0.0719382
  0.0739199
   0.075568
  0.0768666
  0.0778032
  0.0783688
  0.0785579
  0.0783688
  0.0778032
  0.0768666
   0.075568
  0.0739199
  0.0719382
   0.069642
  0.0670534
  0.0641973
  0.0611012
   0.057795
  0.0543104
  0.0506811
  0.0469419
   0.043129
   0.039279
   0.035429
   0.031616
  0.0278769
  0.0242476
   0.020763
  0.0174568
  0.0143607
  0.0115046
 0.00891593
 0.00661971
 0.00463802
 0.00298994
 0.00169134
0.000754736
0.000189139
0.000173413
0.000691984
 0.00155072
 0.00274134
 0.00425239
 0.00606932
 0.00817462
   0.010548
  0.0131667
  0.0160053
  0.0190367
  0.0222315
  0.0255591
  0.0289874
  0.0324833
  0.0360132
  0.0395431
   0.043039
  0.0464672
  0.0497948
  0.0529896
   0.056021
  0.0588597
  0.0614783
  0.0638517
   0.065957
   0.067774
   0.069285
  0.0704756
  0.0713344
   0.071853
  0.0720264
   0.071853
  0.0713344
  0.0704757
   0.069285
   0.067774
   0.065957
  0.0638517
  0.0614783
  0.0588597
   0.056021
  0.0529897
  0.0497948
  0.0464672
   0.043039
  0.0395431
  0.0360132
  0.0324833
  0.0289874
  0.0255591
  0.0222315
  0.0190367
  0.0160053
  0.0131667
   0.010548
 0.00817461
 0.00606932
 0.00425239
 0.00274134
 0.00155072
0.000691984
0.000173413
0.000157394
0.000628062
 0.00140747
 0.00248811
 0.00385958
 0.00550866
 0.00741949
 0.00957364
  0.0119504
  0.0145268
  0.0172782
  0.0201779
  0.0231981
  0.0263096
  0.0294826
  0.0326864
  0.0358902
  0.0390632
  0.0421747
  0.0451949
  0.0480946
  0.0508459
  0.0534224
  0.0557991
  0.0579532
   0.059864
  0.0615131
  0.0628846
  0.0639652
  0.0647446
  0.0652153
  0.0653727
  0.0652153
  0.0647446
  0.0639652
  0.0628846
  0.0615131
   0.059864
  0.0579532
  0.0557991
  0.0534224
  0.0508459
  0.0480946
  0.0451949
  0.0421747
  0.0390632
  0.0358902
  0.0326864
  0.0294826
  0.0263096
  0.0231981
  0.0201779
  0.0172782
  0.0145268
  0.0119504
 0.00957364
 0.00741949
 0.00550866
 0.00385958
 0.00248811
 0.00140747
0.000628061
0.000157394
0.000141081
0.000562965
 0.00126159
 0.00223023
 0.00345955
 0.00493771
 0.00665048
 0.00858137
  0.0107118
  0.0130212
  0.0154873
  0.0180865
  0.0207937
  0.0235827
  0.0264268
  0.0292986
  0.0321704
  0.0350145
  0.0378035
  0.0405107
  0.0431098
   0.045576
  0.0478854
  0.0500158
  0.0519467
  0.0536594
  0.0551376
  0.0563669
  0.0573355
  0.0580342
   0.058456
  0.0585971
   0.058456
  0.0580342
  0.0573355
  0.0563669
  0.0551376
  0.0536594
  0.0519467
  0.0500158
  0.0478854
   0.045576
  0.0431098
  0.0405107
  0.0378035
  0.0350145
  0.0321704
  0.0292986
  0.0264268
  0.0235827
  0.0207937
  0.0180865
  0.0154873
  0.0130212
  0.0107118
 0.00858137
 0.00665048
 0.00493771
 0.00345955
 0.00223023
 0.00126159
0.000562965
0.000141081
0.000124474
0.000496696
 0.00111308
  0.0019677
 0.00305231
 0.00435647
 0.00586763
 0.00757123
 0.00945085
  0.0114884
  0.0136643
  0.0159575
   0.018346
  0.0208067
   0.023316
  0.0258498
  0.0283835
  0.0308928
  0.0333536
   0.035742
  0.0380352
  0.0402111
  0.0422487
  0.0441283
  0.0458319
   0.047343
  0.0486472
  0.0497318
  0.0505864
  0.0512028
   0.051575
  0.0516995
   0.051575
  0.0512028
  0.0505864
  0.0497318
  0.0486472
   0.047343
  0.0458319
  0.0441283
  0.0422487
  0.0402111
  0.0380352
   0.035742
  0.0333535
  0.0308928
  0.0283835
  0.0258498
   0.023316
  0.0208067
   0.018346
  0.0159575
  0.0136643
  0.0114884
 0.00945085
 0.00757123
 0.00586763
 0.00435647
 0.00305231
  0.0019677
 0.00111308
0.000496696
0.000124474
0.000107573
0.000429256
 0.00096195
 0.00170053
 0.00263787
 0.00376496
 0.00507093
 0.00654321
 0.00816762
 0.00992853
   0.011809
  0.0137908
   0.015855
  0.0179816
  0.0201502
  0.0223399
  0.0245296
  0.0266982
  0.0288249
  0.0308891
  0.0328709
  0.0347513
  0.0365122
  0.0381366
  0.0396089
  0.0409149
   0.042042
  0.0429793
  0.0437179
  0.0442506
  0.0445723
  0.0446799
  0.0445723
  0.0442506
  0.0437179
  0.0429793
   0.042042
  0.0409149
  0.0396089
  0.0381367
  0.0365122
  0.0347513
  0.0328709
  0.0308891
  0.0288249
  0.0266982
  0.0245296
  0.0223399
  0.0201502
  0.0179816
   0.015855
  0.0137908
   0.011809
 0.00992852
 0.00816762
 0.00654321
 0.00507093
 0.00376496
 0.00263787
 0.00170053
 0.00096195
0.000429256
0.000107573
9.03782e-05
0.000360642
 0.00080819
 0.00142871
 0.00221623
 0.00316316
 0.00426038
 0.00549734
  0.0068621
 0.00834154
  0.0099214
  0.0115865
  0.0133207
  0.0151074
  0.0169294
  0.0187691
  0.0206088
  0.0224307
  0.0242174
  0.0259517
  0.0276167
  0.0291966
   0.030676
  0.0320408
  0.0332777
   0.034375
  0.0353219
  0.0361094
  0.0367299
  0.0371775
  0.0374477
  0.0375381
  0.0374477
  0.0371775
  0.0367299
  0.0361094
  0.0353219
   0.034375
  0.0332777
  0.0320408
   0.030676
  0.0291966
  0.0276167
  0.0259517
  0.0242174
  0.0224307
  0.0206088
  0.0187691
  0.0169294
  0.0151074
  0.0133207
  0.0115865
  0.0099214
 0.00834154
  0.0068621
 0.00549734
 0.00426039
 0.00316316
 0.00221623
 0.00142871
 0.00080819
0.000360642
9.03782e-05
  7.289e-05
0.000290858
0.000651805
 0.00115225
 0.00178739
 0.00255109
   0.003436
  0.0044336
 0.00553428
 0.00672744
  0.0080016
 0.00934447
  0.0107431
  0.0121841
  0.0136535
  0.0151372
  0.0166209
  0.0180904
  0.0195313
    0.02093
  0.0222728
   0.023547
  0.0247401
  0.0258408
  0.0268384
  0.0277233
   0.028487
  0.0291222
  0.0296226
  0.0299836
  0.0302016
  0.0302744
  0.0302015
  0.0299836
  0.0296226
  0.0291222
   0.028487
  0.0277233
  0.0268384
  0.0258408
  0.0247401
   0.023547
  0.0222728
    0.02093
  0.0195313
  0.0180904
  0.0166209
  0.0151372
  0.0136535
  0.0121841
  0.0107431
 0.00934447
 0.00800159
 0.00672744
 0.00553428
  0.0044336
   0.003436
 0.00255109
 0.00178739
 0.00115226
0.000651805
0.000290858
  7.289e-05
5.51079e-05
0.000219901
0.000492792
0.000871152
 0.00135134
 0.00192873
 0.00259776
 0.00335198
 0.00418414
 0.00508622
 0.00604954
 0.00706481
 0.00812226
  0.0092117
  0.0103226
  0.0114444
  0.0125661
  0.0136771
  0.0147665
   0.015824
  0.0168392
  0.0178025
  0.0187046
  0.0195368
   0.020291
    0.02096
  0.0215374
  0.0220176
   0.022396
  0.0226689
  0.0228336
  0.0228888
  0.0228336
  0.0226689
   0.022396
  0.0220176
  0.0215374
    0.02096
   0.020291
  0.0195368
  0.0187046
  0.0178025
  0.0168392
   0.015824
  0.0147665
  0.0136771
  0.0125661
  0.0114444
  0.0103226
  0.0092117
 0.00812226
 0.00706481
 0.00604954
 0.00508622
 0.00418414
 0.00335198
 0.00259776
 0.00192873
 0.00135134
0.000871153
0.000492792
0.000219901
5.51079e-05
3.70322e-05
0.000147772
0.000331153
0.000585409
0.000908092
 0.00129609
 0.00174568
 0.00225251
 0.00281172
 0.00341792
 0.00406526
 0.00474751
 0.00545811
 0.00619021
 0.00693676
 0.00769057
 0.00844437
 0.00919092
 0.00992302
  0.0106336
  0.0113159
  0.0119632
  0.0125694
  0.0131286
  0.0136354
   0.014085
   0.014473
  0.0147957
    0.01505
  0.0152334
  0.0153441
  0.0153811
  0.0153441
  0.0152334
    0.01505
  0.0147957
   0.014473
   0.014085
  0.0136354
  0.0131286
  0.0125694
  0.0119632
  0.0113159
  0.0106336
 0.00992302
 0.00919092
 0.00844437
 0.00769057
 0.00693676
 0.00619021
 0.00545811
 0.00474751
 0.00406526
 0.00341792
 0.00281172
 0.00225251
 0.00174568
 0.00129609
0.000908092
 0.00058541
0.000331153
0.000147772
3.70322e-05
1.86629e-05
7.44717e-05
0.000166889
0.000295025
0.000457645
0.000653184
0.000879758
 0.00113518
 0.00141701
  0.0017225
 0.00204874
 0.00239257
 0.00275069
 0.00311964
 0.00349587
 0.00387577
 0.00425566
 0.00463189
 0.00500084
 0.00535895
 0.00570279
 0.00602902
 0.00633452
 0.00661634
 0.00687177
 0.00709834
 0.00729388
 0.00745651
 0.00758465
 0.00767706
 0.00773287
 0.00775154
 0.00773287
 0.00767707
 0.00758465
 0.00745651
 0.00729389
 0.00709835
 0.00687177
 0.00661634
 0.00633452
 0.00602902
 0.00570279
 0.00535895
 0.00500084
 0.00463189
 0.00425566
 0.00387576
 0.00349587
 0.00311964
 0.00275069
 0.00239257
 0.00204874
  0.0017225
   0.001417
 0.00113518
0.000879758
0.000653184
0.000457645
0.000295025
0.000166889
7.44717e-05
1.86629e-05
          0
          0
          0
          0
          0
          0
          0
          0
          0
          0
          0
          0
          0
          0
          0
          0
          0
          0
          0
          0
          0
          0
          0
          0
          0
          0
          0
          0
          0
          0
          0
          0
          0
          0
          0
          0
          0
          0
          0
          0
          0
          0
          0
          0
          0
          0
          0
          0
          0
          0
          0
          0
          0
          0
          0
          0
          0
          0
          0
          0
          0
          0
          0
