0.0
0.00773239
0.015343100000000002
0.022831900000000002
0.0301991
0.0374445
0.044568199999999995
0.051570000000000005
0.0584501
0.0652084
0.07184510000000001
0.07835980000000001
0.0847528
0.09102400000000001
0.0971734
0.103201
0.109107
0.11489100000000001
0.120553
0.126093
0.131512
0.136809
0.141983
0.147037
0.15196800000000002
0.156778
0.161466
0.16603199999999999
0.170477
0.174799
0.179
0.183079
0.18703599999999998
0.190871
0.19458499999999998
0.198177
0.201647
0.204996
0.208222
0.211327
0.21431
0.21717199999999998
0.21991100000000002
0.222529
0.225025
0.2274
0.229652
0.23178400000000002
0.23379299999999997
0.23568000000000003
0.237445
0.23909
0.240612
0.24201199999999998
0.24329099999999998
0.244448
0.24548299999999998
0.24639699999999998
0.247189
0.24785900000000002
0.24840700000000002
0.248835
0.24914
0.249323
0.24938400000000002
0.249324
0.24914299999999998
0.24883899999999998
0.24841300000000002
0.24786599999999998
0.24719699999999997
0.24640700000000001
0.24549400000000002
0.24445999999999998
0.243304
0.242027
0.240627
0.23910599999999999
0.237463
0.235699
0.233812
0.231804
0.229674
0.22742199999999999
0.225048
0.22255300000000003
0.219935
0.217196
0.214335
0.21135199999999998
0.208247
0.205021
0.201673
0.198202
0.19460999999999998
0.190896
0.18706099999999998
0.183104
0.179024
0.174823
0.1705
0.166055
0.16148800000000002
0.1568
0.15199000000000001
0.147057
0.142003
0.136827
0.13153
0.12611
0.12056900000000001
0.114906
0.10912100000000001
0.10321400000000001
0.09718550000000001
0.091035
0.0847628
0.0783688
0.071853
0.0652153
0.058455999999999994
0.051575
0.0445723
0.0374477
0.0302015
0.0228336
0.0153441
0.00773287
0.0
