          0
          0
          0
          0
          0
          0
          0
          0
          0
          0
          0
          0
          0
          0
          0
          0
          0
          0
          0
          0
          0
          0
          0
          0
          0
          0
          0
          0
          0
          0
          0
          0
          0
          0
          0
          0
          0
          0
          0
          0
          0
          0
          0
          0
          0
          0
          0
          0
          0
          0
          0
          0
          0
          0
          0
          0
          0
          0
          0
          0
          0
          0
          0
1.86615e-05
7.44661e-05
0.000166877
0.000295003
0.000457611
0.000653135
0.000879692
  0.0011351
  0.0014169
 0.00172238
 0.00204859
 0.00239239
 0.00275048
 0.00311941
 0.00349561
 0.00387547
 0.00425534
 0.00463154
 0.00500046
 0.00535855
 0.00570236
 0.00602857
 0.00633405
 0.00661585
 0.00687126
 0.00709781
 0.00729334
 0.00745595
 0.00758408
 0.00767649
 0.00773229
 0.00775096
 0.00773229
 0.00767649
 0.00758408
 0.00745595
 0.00729334
 0.00709781
 0.00687126
 0.00661585
 0.00633405
 0.00602857
 0.00570236
 0.00535855
 0.00500046
 0.00463154
 0.00425534
 0.00387547
 0.00349561
 0.00311941
 0.00275048
 0.00239239
 0.00204859
 0.00172238
  0.0014169
  0.0011351
0.000879692
0.000653135
0.000457611
0.000295003
0.000166877
7.44661e-05
1.86615e-05
3.70291e-05
 0.00014776
0.000331126
0.000585362
0.000908018
 0.00129599
 0.00174553
 0.00225233
 0.00281149
 0.00341764
 0.00406492
 0.00474712
 0.00545767
  0.0061897
 0.00693619
 0.00768994
 0.00844368
 0.00919017
 0.00992221
  0.0106328
  0.0113149
  0.0119622
  0.0125684
  0.0131275
  0.0136343
  0.0140839
  0.0144719
  0.0147945
  0.0150488
  0.0152321
  0.0153429
  0.0153799
  0.0153429
  0.0152321
  0.0150487
  0.0147945
  0.0144719
  0.0140839
  0.0136343
  0.0131275
  0.0125684
  0.0119622
  0.0113149
  0.0106327
 0.00992221
 0.00919017
 0.00844369
 0.00768994
 0.00693619
 0.00618971
 0.00545767
 0.00474713
 0.00406492
 0.00341764
 0.00281149
 0.00225233
 0.00174554
 0.00129599
0.000908018
0.000585362
0.000331126
 0.00014776
3.70291e-05
 5.5103e-05
0.000219881
0.000492748
0.000871076
 0.00135122
 0.00192856
 0.00259753
 0.00335169
 0.00418377
 0.00508578
 0.00604901
 0.00706419
 0.00812154
 0.00921089
  0.0103217
  0.0114434
   0.012565
  0.0136759
  0.0147652
  0.0158226
  0.0168377
   0.017801
   0.018703
  0.0195351
  0.0202892
  0.0209582
  0.0215355
  0.0220157
   0.022394
  0.0226668
  0.0228316
  0.0228867
  0.0228316
  0.0226669
   0.022394
  0.0220157
  0.0215355
  0.0209582
  0.0202892
  0.0195351
   0.018703
   0.017801
  0.0168377
  0.0158226
  0.0147652
  0.0136759
   0.012565
  0.0114434
  0.0103217
 0.00921089
 0.00812154
 0.00706419
 0.00604901
 0.00508578
 0.00418377
 0.00335169
 0.00259753
 0.00192856
 0.00135122
0.000871076
0.000492748
0.000219881
 5.5103e-05
7.28832e-05
0.000290831
0.000651744
 0.00115215
 0.00178722
 0.00255085
 0.00343568
 0.00443318
 0.00553376
 0.00672681
 0.00800084
 0.00934359
  0.0107421
   0.012183
  0.0136522
  0.0151358
  0.0166194
  0.0180886
  0.0195295
   0.020928
  0.0222707
  0.0235448
  0.0247378
  0.0258384
  0.0268359
  0.0277207
  0.0284843
  0.0291194
  0.0296198
  0.0299807
  0.0301987
  0.0302716
  0.0301987
  0.0299807
  0.0296198
  0.0291194
  0.0284843
  0.0277207
  0.0268359
  0.0258384
  0.0247378
  0.0235448
  0.0222707
   0.020928
  0.0195295
  0.0180886
  0.0166194
  0.0151358
  0.0136522
  0.0121829
  0.0107421
 0.00934358
 0.00800084
 0.00672681
 0.00553376
 0.00443318
 0.00343568
 0.00255085
 0.00178722
 0.00115215
0.000651744
0.000290831
7.28831e-05
9.03692e-05
0.000360607
0.000808109
 0.00142857
 0.00221601
 0.00316284
 0.00425996
 0.00549679
 0.00686142
 0.00834071
 0.00992041
  0.0115853
  0.0133194
  0.0151059
  0.0169277
  0.0187672
  0.0206067
  0.0224285
   0.024215
  0.0259491
   0.027614
  0.0291937
   0.030673
  0.0320376
  0.0332744
  0.0343715
  0.0353184
  0.0361058
  0.0367263
  0.0371738
   0.037444
  0.0375343
   0.037444
  0.0371737
  0.0367263
  0.0361058
  0.0353184
  0.0343715
  0.0332744
  0.0320376
   0.030673
  0.0291937
   0.027614
  0.0259491
   0.024215
  0.0224285
  0.0206067
  0.0187672
  0.0169277
  0.0151059
  0.0133194
  0.0115853
 0.00992041
 0.00834071
 0.00686142
 0.00549679
 0.00425996
 0.00316284
 0.00221601
 0.00142857
0.000808109
0.000360606
9.03692e-05
0.000107562
0.000429211
 0.00096185
 0.00170035
  0.0026376
 0.00376456
  0.0050704
 0.00654253
 0.00816677
 0.00992749
  0.0118077
  0.0137894
  0.0158533
  0.0179797
  0.0201481
  0.0223376
   0.024527
  0.0266954
  0.0288218
  0.0308858
  0.0328674
  0.0347477
  0.0365084
  0.0381326
  0.0396047
  0.0409106
  0.0420375
  0.0429748
  0.0437133
  0.0442459
  0.0445676
  0.0446751
  0.0445676
  0.0442459
  0.0437133
  0.0429748
  0.0420375
  0.0409106
  0.0396047
  0.0381326
  0.0365084
  0.0347477
  0.0328674
  0.0308858
  0.0288218
  0.0266954
  0.0245271
  0.0223376
  0.0201481
  0.0179797
  0.0158533
  0.0137894
  0.0118077
 0.00992749
 0.00816677
 0.00654253
  0.0050704
 0.00376456
  0.0026376
 0.00170035
 0.00096185
0.000429211
0.000107562
 0.00012446
0.000496642
 0.00111296
 0.00196748
 0.00305198
   0.004356
 0.00586699
  0.0075704
 0.00944982
  0.0114871
  0.0136628
  0.0159557
   0.018344
  0.0208044
  0.0233135
  0.0258469
  0.0283803
  0.0308894
  0.0333499
  0.0357381
   0.038031
  0.0402066
   0.042244
  0.0441234
  0.0458268
  0.0473377
  0.0486418
  0.0497262
  0.0505808
  0.0511971
  0.0515693
  0.0516937
  0.0515693
  0.0511971
  0.0505808
  0.0497262
  0.0486418
  0.0473377
  0.0458268
  0.0441234
   0.042244
  0.0402066
   0.038031
  0.0357381
  0.0333499
  0.0308894
  0.0283803
  0.0258469
  0.0233135
  0.0208044
   0.018344
  0.0159557
  0.0136628
  0.0114871
 0.00944982
  0.0075704
 0.00586699
   0.004356
 0.00305197
 0.00196748
 0.00111296
0.000496642
 0.00012446
0.000141065
0.000562901
 0.00126145
 0.00222997
 0.00345915
 0.00493715
 0.00664972
 0.00858039
  0.0107105
  0.0130197
  0.0154856
  0.0180844
  0.0207913
    0.02358
  0.0264238
  0.0292952
  0.0321667
  0.0350104
  0.0377992
   0.040506
  0.0431048
  0.0455707
  0.0478798
    0.05001
  0.0519406
  0.0536532
  0.0551312
  0.0563604
  0.0573289
  0.0580274
  0.0584492
  0.0585903
  0.0584492
  0.0580274
  0.0573289
  0.0563603
  0.0551312
  0.0536532
  0.0519406
    0.05001
  0.0478798
  0.0455707
  0.0431048
   0.040506
  0.0377991
  0.0350104
  0.0321667
  0.0292952
  0.0264238
    0.02358
  0.0207913
  0.0180844
  0.0154856
  0.0130197
  0.0107105
 0.00858039
 0.00664972
 0.00493715
 0.00345915
 0.00222997
 0.00126145
0.000562901
0.000141065
0.000157376
0.000627987
  0.0014073
 0.00248781
 0.00385912
 0.00550801
  0.0074186
  0.0095725
   0.011949
  0.0145251
  0.0172761
  0.0201755
  0.0231953
  0.0263065
   0.029479
  0.0326825
  0.0358859
  0.0390585
  0.0421696
  0.0451895
  0.0480888
  0.0508398
  0.0534159
  0.0557923
  0.0579462
  0.0598568
  0.0615057
  0.0628769
  0.0639575
  0.0647368
  0.0652074
  0.0653648
  0.0652074
  0.0647368
  0.0639574
  0.0628769
  0.0615057
  0.0598568
  0.0579462
  0.0557924
  0.0534159
  0.0508398
  0.0480888
  0.0451895
  0.0421697
  0.0390585
  0.0358859
  0.0326825
   0.029479
  0.0263065
  0.0231953
  0.0201755
  0.0172761
  0.0145251
   0.011949
  0.0095725
  0.0074186
 0.00550801
 0.00385912
 0.00248781
  0.0014073
0.000627987
0.000157376
0.000173392
0.000691899
 0.00155053
   0.002741
 0.00425187
 0.00606857
 0.00817361
  0.0105467
   0.013165
  0.0160033
  0.0190343
  0.0222288
  0.0255559
  0.0289838
  0.0324792
  0.0360087
  0.0395382
  0.0430336
  0.0464614
  0.0497886
   0.052983
   0.056014
  0.0588523
  0.0614706
  0.0638437
  0.0659487
  0.0677654
  0.0692763
  0.0704667
  0.0713254
  0.0718439
  0.0720173
  0.0718439
  0.0713254
  0.0704667
  0.0692763
  0.0677654
  0.0659487
  0.0638437
  0.0614706
  0.0588523
   0.056014
   0.052983
  0.0497886
  0.0464614
  0.0430336
  0.0395382
  0.0360087
  0.0324792
  0.0289838
  0.0255559
  0.0222288
  0.0190343
  0.0160033
   0.013165
  0.0105467
 0.00817361
 0.00606857
 0.00425187
   0.002741
 0.00155053
0.000691898
0.000173392
0.000189115
 0.00075464
 0.00169113
 0.00298956
 0.00463743
 0.00661887
 0.00891479
  0.0115031
  0.0143588
  0.0174545
  0.0207603
  0.0242445
  0.0278733
   0.031612
  0.0354244
  0.0392739
  0.0431234
  0.0469358
  0.0506745
  0.0543034
  0.0577875
  0.0610933
   0.064189
  0.0670447
   0.069633
  0.0719289
  0.0739103
  0.0755581
  0.0768566
   0.077793
  0.0783585
  0.0785476
  0.0783585
   0.077793
  0.0768566
  0.0755581
  0.0739103
  0.0719289
   0.069633
  0.0670447
   0.064189
  0.0610933
  0.0577875
  0.0543034
  0.0506745
  0.0469359
  0.0431234
  0.0392739
  0.0354244
   0.031612
  0.0278733
  0.0242445
  0.0207603
  0.0174545
  0.0143588
  0.0115031
 0.00891479
 0.00661886
 0.00463743
 0.00298956
 0.00169113
 0.00075464
0.000189115
0.000204544
0.000816207
  0.0018291
 0.00323346
 0.00501577
 0.00715886
  0.0096421
  0.0124416
  0.0155303
  0.0188786
  0.0224541
  0.0262224
  0.0301474
   0.034191
  0.0383145
  0.0424781
  0.0466416
  0.0507651
  0.0548087
  0.0587336
   0.062502
  0.0660775
  0.0694257
  0.0725145
  0.0753139
  0.0777971
  0.0799402
  0.0817225
  0.0831268
  0.0841397
  0.0847514
  0.0849559
  0.0847514
  0.0841397
  0.0831268
  0.0817225
  0.0799402
  0.0777971
  0.0753139
  0.0725145
  0.0694257
  0.0660775
   0.062502
  0.0587336
  0.0548087
  0.0507651
  0.0466416
  0.0424781
  0.0383145
   0.034191
  0.0301474
  0.0262224
  0.0224541
  0.0188785
  0.0155303
  0.0124416
  0.0096421
 0.00715886
 0.00501577
 0.00323346
  0.0018291
0.000816206
0.000204544
0.000219679
0.000876602
 0.00196444
 0.00347272
 0.00538692
 0.00768859
  0.0103556
  0.0133622
  0.0166795
  0.0202755
  0.0241156
  0.0281628
  0.0323781
   0.036721
  0.0411496
  0.0456212
  0.0500929
  0.0545215
  0.0588643
  0.0630796
  0.0671268
  0.0709669
  0.0745629
  0.0778801
  0.0808867
  0.0835537
  0.0858553
  0.0877694
  0.0892777
  0.0903655
  0.0910224
  0.0912421
  0.0910224
  0.0903655
  0.0892777
  0.0877695
  0.0858553
  0.0835537
  0.0808867
  0.0778801
  0.0745629
  0.0709669
  0.0671268
  0.0630797
  0.0588643
  0.0545214
  0.0500929
  0.0456212
  0.0411496
   0.036721
  0.0323781
  0.0281628
  0.0241156
  0.0202755
  0.0166795
  0.0133622
  0.0103556
 0.00768859
 0.00538692
 0.00347272
 0.00196444
0.000876602
0.000219679
 0.00023452
0.000935822
 0.00209715
 0.00370732
 0.00575083
   0.008208
  0.0110552
  0.0142649
  0.0178063
  0.0216452
  0.0257447
  0.0300654
  0.0345655
  0.0392017
  0.0439295
  0.0487032
   0.053477
  0.0582047
   0.062841
  0.0673411
  0.0716617
  0.0757611
     0.0796
  0.0831414
  0.0863511
  0.0891982
  0.0916554
  0.0936989
  0.0953091
  0.0964704
  0.0971716
  0.0974062
  0.0971716
  0.0964704
  0.0953091
  0.0936989
  0.0916554
  0.0891982
  0.0863511
  0.0831414
     0.0796
  0.0757611
  0.0716617
  0.0673411
   0.062841
  0.0582047
   0.053477
  0.0487032
  0.0439295
  0.0392017
  0.0345655
  0.0300653
  0.0257447
  0.0216452
  0.0178063
  0.0142649
  0.0110552
   0.008208
 0.00575083
 0.00370732
 0.00209715
0.000935822
 0.00023452
0.000249067
 0.00099387
 0.00222724
 0.00393729
 0.00610755
 0.00871714
  0.0117409
  0.0151497
  0.0189108
  0.0229879
  0.0273417
  0.0319303
  0.0367096
  0.0416334
  0.0466544
  0.0517243
  0.0567941
  0.0618151
  0.0667389
  0.0715181
  0.0761067
  0.0804605
  0.0845376
  0.0882986
  0.0917074
  0.0947312
  0.0973407
   0.099511
   0.101221
   0.102454
   0.103199
   0.103448
   0.103199
   0.102454
   0.101221
   0.099511
  0.0973407
  0.0947312
  0.0917074
  0.0882986
  0.0845376
  0.0804605
  0.0761067
  0.0715181
  0.0667389
  0.0618151
  0.0567941
  0.0517242
  0.0466544
  0.0416334
  0.0367096
  0.0319303
  0.0273417
  0.0229879
  0.0189108
  0.0151497
  0.0117409
 0.00871714
 0.00610756
 0.00393729
 0.00222724
0.000993871
0.000249067
 0.00026332
 0.00105075
 0.00235469
  0.0041626
 0.00645706
 0.00921598
  0.0124128
  0.0160167
   0.019993
  0.0243034
  0.0289063
  0.0337575
  0.0388103
  0.0440159
  0.0493242
  0.0546842
  0.0600441
  0.0653525
  0.0705581
  0.0756108
   0.080462
  0.0850649
  0.0893753
  0.0933515
  0.0969554
   0.100152
   0.102911
   0.105206
   0.107013
   0.108317
   0.109105
   0.109368
   0.109105
   0.108317
   0.107013
   0.105206
   0.102911
   0.100152
  0.0969554
  0.0933515
  0.0893752
  0.0850649
   0.080462
  0.0756108
  0.0705581
  0.0653525
  0.0600441
  0.0546842
  0.0493242
  0.0440159
  0.0388103
  0.0337575
  0.0289063
  0.0243033
   0.019993
  0.0160167
  0.0124128
 0.00921598
 0.00645706
  0.0041626
 0.00235469
 0.00105075
 0.00026332
0.000277279
 0.00110645
 0.00247952
 0.00438327
 0.00679936
 0.00970453
  0.0130708
  0.0168657
  0.0210528
  0.0255917
  0.0304387
  0.0355471
  0.0408677
  0.0463492
   0.051939
  0.0575831
  0.0632273
   0.068817
  0.0742986
  0.0796192
  0.0847275
  0.0895745
  0.0941133
  0.0983004
   0.102095
   0.105461
   0.108367
   0.110783
   0.112686
   0.114059
   0.114889
   0.115166
   0.114889
   0.114059
   0.112686
   0.110783
   0.108367
   0.105461
   0.102095
  0.0983004
  0.0941133
  0.0895745
  0.0847275
  0.0796192
  0.0742986
   0.068817
  0.0632273
  0.0575831
   0.051939
  0.0463492
  0.0408677
  0.0355471
  0.0304387
  0.0255917
  0.0210528
  0.0168658
  0.0130708
 0.00970454
 0.00679937
 0.00438327
 0.00247952
 0.00110645
 0.00027728
0.000290945
 0.00116098
 0.00260172
  0.0045993
 0.00713446
  0.0101828
   0.013715
   0.017697
  0.0220904
   0.026853
  0.0319388
   0.037299
  0.0428818
  0.0486335
  0.0544988
   0.060421
  0.0663433
  0.0722086
  0.0779603
  0.0835431
  0.0889031
  0.0939889
  0.0987515
   0.103145
   0.107127
   0.110659
   0.113707
   0.116242
    0.11824
   0.119681
   0.120551
   0.120841
   0.120551
   0.119681
    0.11824
   0.116242
   0.113707
   0.110659
   0.107127
   0.103145
  0.0987515
  0.0939889
  0.0889031
   0.083543
  0.0779603
  0.0722086
  0.0663433
  0.0604211
  0.0544988
  0.0486335
  0.0428818
   0.037299
  0.0319388
   0.026853
  0.0220904
   0.017697
   0.013715
  0.0101828
 0.00713447
  0.0045993
 0.00260172
 0.00116098
0.000290945
0.000304317
 0.00121434
 0.00272129
 0.00481068
 0.00746237
  0.0106508
  0.0143453
  0.0185103
  0.0231057
  0.0280871
  0.0334067
  0.0390132
  0.0448526
  0.0508686
  0.0570034
  0.0631978
  0.0693923
   0.075527
   0.081543
  0.0873824
  0.0929888
  0.0983084
    0.10329
   0.107885
    0.11205
   0.115744
   0.118933
   0.121584
   0.123674
   0.125181
   0.126091
   0.126395
   0.126091
   0.125181
   0.123674
   0.121584
   0.118933
   0.115744
    0.11205
   0.107885
    0.10329
  0.0983083
  0.0929888
  0.0873823
   0.081543
   0.075527
  0.0693922
  0.0631978
  0.0570034
  0.0508686
  0.0448526
  0.0390132
  0.0334067
  0.0280871
  0.0231056
  0.0185103
  0.0143453
  0.0106508
 0.00746237
 0.00481068
  0.0027213
 0.00121434
0.000304317
0.000317394
 0.00126652
 0.00283824
 0.00501741
 0.00778304
  0.0111085
  0.0149618
  0.0193058
  0.0240986
  0.0292941
  0.0348423
  0.0406897
    0.04678
  0.0530546
   0.059453
  0.0659137
  0.0723743
  0.0787727
  0.0850472
  0.0911375
  0.0969848
   0.102533
   0.107728
   0.112521
   0.116865
   0.120718
   0.124044
   0.126809
   0.128988
    0.13056
   0.131509
   0.131827
   0.131509
    0.13056
   0.128988
   0.126809
   0.124044
   0.120718
   0.116865
   0.112521
   0.107728
   0.102533
  0.0969848
  0.0911375
  0.0850472
  0.0787726
  0.0723743
  0.0659136
   0.059453
  0.0530546
    0.04678
  0.0406897
  0.0348423
  0.0292941
  0.0240986
  0.0193058
  0.0149618
  0.0111085
 0.00778304
 0.00501741
 0.00283824
 0.00126652
0.000317394
0.000330178
 0.00131753
 0.00295255
 0.00521949
 0.00809652
  0.0115559
  0.0155644
  0.0200833
  0.0250692
   0.030474
  0.0362456
  0.0423285
  0.0486642
  0.0551915
  0.0618476
  0.0685684
  0.0752892
  0.0819453
  0.0884726
  0.0948081
   0.100891
   0.106663
   0.112067
   0.117053
   0.121572
    0.12558
   0.129039
   0.131916
   0.134183
   0.135818
   0.136806
   0.137136
   0.136806
   0.135818
   0.134183
   0.131916
   0.129039
    0.12558
   0.121572
   0.117053
   0.112067
   0.106663
   0.100891
  0.0948081
  0.0884726
  0.0819453
  0.0752892
  0.0685684
  0.0618475
  0.0551914
  0.0486641
  0.0423285
  0.0362456
   0.030474
  0.0250692
  0.0200833
  0.0155644
  0.0115559
 0.00809652
 0.00521949
 0.00295255
 0.00131753
0.000330178
0.000342668
 0.00136737
 0.00306424
 0.00541694
  0.0084028
  0.0119931
  0.0161532
   0.020843
  0.0260175
  0.0316267
  0.0376167
  0.0439297
   0.050505
  0.0572792
  0.0641871
  0.0711622
  0.0781372
   0.085045
  0.0918192
  0.0983944
   0.104707
   0.110697
   0.116306
   0.121481
    0.12617
    0.13033
    0.13392
   0.136906
   0.139259
   0.140956
    0.14198
   0.142323
    0.14198
   0.140956
   0.139259
   0.136906
    0.13392
    0.13033
    0.12617
   0.121481
   0.116306
   0.110697
   0.104707
  0.0983943
  0.0918192
   0.085045
  0.0781372
  0.0711621
  0.0641871
  0.0572792
   0.050505
  0.0439297
  0.0376167
  0.0316267
  0.0260175
   0.020843
  0.0161532
  0.0119931
 0.00840279
 0.00541693
 0.00306424
 0.00136737
0.000342668
0.000354864
 0.00141604
  0.0031733
 0.00560973
 0.00870186
  0.0124199
  0.0167281
  0.0215849
  0.0269435
  0.0327524
  0.0389555
  0.0454932
  0.0523025
  0.0593178
  0.0664715
  0.0736948
  0.0809181
  0.0880718
   0.095087
   0.101896
   0.108434
   0.114637
   0.120446
   0.125804
   0.130661
   0.134969
   0.138687
   0.141779
   0.144215
   0.145972
   0.147034
   0.147388
   0.147034
   0.145972
   0.144215
   0.141779
   0.138687
   0.134969
   0.130661
   0.125804
   0.120446
   0.114637
   0.108434
   0.101896
   0.095087
  0.0880717
   0.080918
  0.0736948
  0.0664715
  0.0593178
  0.0523025
  0.0454932
  0.0389555
  0.0327523
  0.0269435
  0.0215848
  0.0167281
  0.0124199
 0.00870186
 0.00560973
  0.0031733
 0.00141604
0.000354863
0.000366765
 0.00146353
 0.00327973
 0.00579787
 0.00899371
  0.0128365
  0.0172891
  0.0223088
  0.0278471
  0.0338508
   0.040262
   0.047019
  0.0540566
  0.0613072
  0.0687009
  0.0761665
   0.083632
  0.0910257
  0.0982762
   0.105314
   0.112071
   0.118482
   0.124485
   0.130023
   0.135043
   0.139496
   0.143338
   0.146534
   0.149052
   0.150868
   0.151965
   0.152332
   0.151965
   0.150868
   0.149052
   0.146534
   0.143338
   0.139496
   0.135043
   0.130023
   0.124485
   0.118482
   0.112071
   0.105314
  0.0982761
  0.0910256
   0.083632
  0.0761664
  0.0687009
  0.0613072
  0.0540566
  0.0470189
   0.040262
  0.0338508
  0.0278471
  0.0223088
  0.0172891
  0.0128365
  0.0089937
 0.00579787
 0.00327973
 0.00146353
0.000366765
0.000378373
 0.00150985
 0.00338353
 0.00598137
 0.00927835
  0.0132427
  0.0178363
  0.0230148
  0.0287285
  0.0349222
  0.0415363
  0.0485071
  0.0557675
  0.0632475
  0.0708752
   0.078577
  0.0862788
  0.0939064
   0.101386
   0.108647
   0.115617
   0.122231
   0.128425
   0.134138
   0.139317
    0.14391
   0.147874
   0.151171
   0.153769
   0.155643
   0.156774
   0.157152
   0.156774
   0.155643
   0.153769
   0.151171
   0.147874
    0.14391
   0.139317
   0.134138
   0.128425
   0.122231
   0.115617
   0.108647
   0.101386
  0.0939064
  0.0862788
   0.078577
  0.0708752
  0.0632475
  0.0557675
  0.0485071
  0.0415363
  0.0349222
  0.0287285
  0.0230148
  0.0178363
  0.0132427
 0.00927835
 0.00598137
 0.00338353
 0.00150985
0.000378373
0.000389688
   0.001555
 0.00348471
 0.00616023
 0.00955579
  0.0136387
  0.0183696
   0.023703
  0.0295875
  0.0359664
  0.0427783
  0.0499576
  0.0574351
  0.0651388
  0.0729946
  0.0809267
  0.0888588
  0.0967145
   0.104418
   0.111896
   0.119075
   0.125886
   0.132265
   0.138149
   0.143483
   0.148213
   0.152296
   0.155692
   0.158367
   0.160297
   0.161462
   0.161852
   0.161462
   0.160297
   0.158367
   0.155692
   0.152296
   0.148213
   0.143483
   0.138149
   0.132265
   0.125886
   0.119075
   0.111896
   0.104418
  0.0967145
  0.0888588
  0.0809267
  0.0729946
  0.0651388
  0.0574351
  0.0499576
  0.0427783
  0.0359664
  0.0295875
   0.023703
  0.0183696
  0.0136387
  0.0095558
 0.00616023
 0.00348471
   0.001555
0.000389688
0.000400707
 0.00159897
 0.00358325
 0.00633443
 0.00982602
  0.0140244
  0.0188891
  0.0243733
  0.0304242
  0.0369835
   0.043988
  0.0513703
  0.0590593
  0.0669809
  0.0750588
  0.0832153
  0.0913717
  0.0994495
   0.107371
    0.11506
   0.122442
   0.129446
   0.136005
   0.142056
    0.14754
   0.152405
   0.156603
   0.160095
   0.162846
    0.16483
   0.166028
   0.166429
   0.166028
    0.16483
   0.162846
   0.160095
   0.156603
   0.152405
    0.14754
   0.142056
   0.136005
   0.129446
   0.122442
    0.11506
   0.107371
  0.0994495
  0.0913717
  0.0832152
  0.0750588
  0.0669809
  0.0590593
  0.0513703
   0.043988
  0.0369835
  0.0304242
  0.0243733
  0.0188891
  0.0140244
 0.00982602
 0.00633443
 0.00358325
 0.00159897
0.000400707
0.000411434
 0.00164177
 0.00367917
   0.006504
  0.0100891
  0.0143998
  0.0193947
  0.0250257
  0.0312386
  0.0379735
  0.0451655
  0.0527454
  0.0606401
  0.0687737
  0.0770679
  0.0854427
  0.0938175
   0.102112
   0.110245
    0.11814
    0.12572
   0.132911
   0.139646
   0.145859
    0.15149
   0.156484
   0.160795
    0.16438
   0.167205
   0.169242
   0.170472
   0.170884
   0.170472
   0.169242
   0.167205
    0.16438
   0.160795
   0.156484
    0.15149
   0.145859
   0.139646
   0.132911
   0.125719
    0.11814
   0.110245
   0.102112
  0.0938174
  0.0854427
  0.0770679
  0.0687737
  0.0606401
  0.0527454
  0.0451655
  0.0379735
  0.0312386
  0.0250258
  0.0193947
  0.0143998
   0.010089
   0.006504
 0.00367917
 0.00164177
0.000411434
0.000421866
  0.0016834
 0.00377246
 0.00666891
  0.0103449
  0.0147649
  0.0198865
  0.0256603
  0.0320307
  0.0389363
  0.0463107
  0.0540828
  0.0621777
  0.0705176
   0.079022
  0.0876092
  0.0961963
   0.104701
    0.11304
   0.121135
   0.128907
   0.136282
   0.143187
   0.149557
   0.155331
   0.160452
   0.164872
   0.168548
   0.171444
   0.173533
   0.174795
   0.175217
   0.174795
   0.173533
   0.171444
   0.168548
   0.164872
   0.160452
   0.155331
   0.149557
   0.143187
   0.136282
   0.128907
   0.121135
    0.11304
   0.104701
  0.0961962
  0.0876091
   0.079022
  0.0705176
  0.0621777
  0.0540828
  0.0463107
  0.0389363
  0.0320307
  0.0256603
  0.0198865
  0.0147649
  0.0103449
 0.00666891
 0.00377246
  0.0016834
0.000421866
0.000432005
 0.00172386
 0.00386312
 0.00682919
  0.0105935
  0.0151198
  0.0203645
   0.026277
  0.0328005
  0.0398721
  0.0474237
  0.0553826
  0.0636721
  0.0722123
  0.0809211
  0.0897146
  0.0985081
   0.107217
   0.115757
   0.124046
   0.132005
   0.139557
   0.146628
   0.153151
   0.159064
   0.164308
   0.168834
   0.172598
   0.175564
   0.177704
   0.178995
   0.179427
   0.178995
   0.177704
   0.175564
   0.172598
   0.168834
   0.164308
   0.159064
   0.153151
   0.146628
   0.139556
   0.132005
   0.124046
   0.115757
   0.107217
  0.0985081
  0.0897146
  0.0809211
  0.0722123
   0.063672
  0.0553826
  0.0474237
  0.0398721
  0.0328005
   0.026277
  0.0203644
  0.0151198
  0.0105935
 0.00682918
 0.00386312
 0.00172386
0.000432005
0.000441849
 0.00176314
 0.00395115
 0.00698481
  0.0108349
  0.0154643
  0.0208285
  0.0268758
  0.0335479
  0.0407807
  0.0485044
  0.0566446
   0.065123
  0.0738579
  0.0827651
   0.091759
   0.100753
    0.10966
   0.118395
   0.126873
   0.135013
   0.142737
   0.149969
   0.156641
   0.162688
   0.168052
   0.172681
   0.176531
   0.179565
   0.181753
   0.183074
   0.183516
   0.183074
   0.181753
   0.179565
   0.176531
   0.172681
   0.168052
   0.162688
   0.156641
   0.149969
   0.142737
   0.135013
   0.126873
   0.118395
    0.10966
   0.100753
  0.0917589
  0.0827651
  0.0738578
   0.065123
  0.0566446
  0.0485044
  0.0407807
  0.0335479
  0.0268758
  0.0208285
  0.0154643
  0.0108349
 0.00698481
 0.00395115
 0.00176314
0.000441849
  0.0004514
 0.00180125
 0.00403655
 0.00713578
  0.0110691
  0.0157986
  0.0212787
  0.0274567
  0.0342731
  0.0416622
  0.0495528
   0.057869
  0.0665306
  0.0754543
  0.0845541
  0.0937423
   0.102931
    0.11203
   0.120954
   0.129615
   0.137931
   0.145822
   0.153211
   0.160027
   0.166205
   0.171685
   0.176414
   0.180347
   0.183446
   0.185681
   0.187031
   0.187482
   0.187031
   0.185681
   0.183446
   0.180347
   0.176414
   0.171685
   0.166205
   0.160027
   0.153211
   0.145822
   0.137931
   0.129615
   0.120954
    0.11203
   0.102931
  0.0937423
  0.0845541
  0.0754543
  0.0665306
   0.057869
  0.0495528
  0.0416622
  0.0342731
  0.0274567
  0.0212787
  0.0157986
  0.0110691
 0.00713578
 0.00403656
 0.00180125
  0.0004514
0.000460657
 0.00183819
 0.00411934
 0.00728212
  0.0112961
  0.0161226
  0.0217151
  0.0280198
  0.0349759
  0.0425165
   0.050569
  0.0590557
  0.0678949
  0.0770016
  0.0862879
  0.0956646
   0.105041
   0.114328
   0.123434
   0.132273
    0.14076
   0.148812
   0.156352
   0.163308
   0.169613
   0.175205
   0.180031
   0.184045
   0.187207
   0.189489
   0.190866
   0.191327
   0.190866
   0.189489
   0.187207
   0.184045
   0.180031
   0.175205
   0.169613
   0.163308
   0.156352
   0.148812
    0.14076
   0.132273
   0.123434
   0.114327
   0.105041
  0.0956646
  0.0862879
  0.0770016
  0.0678949
  0.0590556
  0.0505689
  0.0425165
  0.0349759
  0.0280198
  0.0217151
  0.0161226
  0.0112961
 0.00728212
 0.00411934
 0.00183819
0.000460657
 0.00046962
 0.00187396
 0.00419948
 0.00742381
  0.0115159
  0.0164363
  0.0221376
  0.0285649
  0.0356564
  0.0433437
  0.0515528
  0.0602047
  0.0692159
  0.0784997
  0.0879668
  0.0975259
   0.107085
   0.116552
   0.125836
   0.134847
   0.143498
   0.151707
   0.159394
   0.166485
   0.172912
   0.178614
   0.183534
   0.187626
    0.19085
   0.193175
   0.194579
   0.195049
   0.194579
   0.193175
    0.19085
   0.187626
   0.183534
   0.178614
   0.172913
   0.166485
   0.159394
   0.151707
   0.143498
   0.134847
   0.125836
   0.116552
   0.107085
  0.0975259
  0.0879668
  0.0784997
  0.0692159
  0.0602047
  0.0515528
  0.0433437
  0.0356564
  0.0285649
  0.0221376
  0.0164363
  0.0115159
 0.00742381
 0.00419949
 0.00187396
 0.00046962
0.000478289
 0.00190855
   0.004277
 0.00756085
  0.0117284
  0.0167397
  0.0225462
  0.0290922
  0.0363146
  0.0441438
  0.0525045
  0.0613161
  0.0704936
  0.0799489
  0.0895907
  0.0993263
   0.109062
   0.118704
   0.128159
   0.137336
   0.146147
   0.154508
   0.162337
   0.169559
   0.176104
   0.181911
   0.186922
   0.191089
   0.194373
   0.196741
   0.198171
   0.198649
   0.198171
   0.196741
   0.194373
   0.191089
   0.186922
   0.181911
   0.176104
   0.169559
   0.162337
   0.154508
   0.146147
   0.137336
   0.128159
   0.118704
   0.109062
  0.0993263
  0.0895907
  0.0799489
  0.0704936
   0.061316
  0.0525045
  0.0441438
  0.0363146
  0.0290922
  0.0225462
  0.0167397
  0.0117284
 0.00756084
   0.004277
 0.00190855
0.000478289
0.000486663
 0.00194197
 0.00435189
 0.00769323
  0.0119338
  0.0170328
   0.022941
  0.0296016
  0.0369505
  0.0449168
  0.0534238
  0.0623896
  0.0717279
  0.0813486
  0.0911593
   0.101065
   0.110971
   0.120782
   0.130402
   0.139741
   0.148706
   0.157213
   0.165179
   0.172528
   0.179188
   0.185096
   0.190195
   0.194435
   0.197776
   0.200186
   0.201641
   0.202128
   0.201641
   0.200186
   0.197776
   0.194435
   0.190195
   0.185096
   0.179188
   0.172528
   0.165179
   0.157213
   0.148706
   0.139741
   0.130403
   0.120782
   0.110971
   0.101065
  0.0911593
  0.0813487
  0.0717279
  0.0623896
  0.0534238
  0.0449168
  0.0369505
  0.0296016
   0.022941
  0.0170328
  0.0119338
 0.00769323
 0.00435189
 0.00194196
0.000486663
0.000494745
 0.00197422
 0.00442416
 0.00782099
   0.012132
  0.0173156
   0.023322
  0.0300932
  0.0375641
  0.0456627
   0.054311
  0.0634257
   0.072919
  0.0826996
  0.0926731
   0.102744
   0.112814
   0.122788
   0.132568
   0.142061
   0.151176
   0.159824
   0.167922
   0.175393
   0.182163
   0.188169
   0.193353
   0.197664
    0.20106
    0.20351
   0.204989
   0.205484
   0.204989
    0.20351
    0.20106
   0.197664
   0.193353
    0.18817
   0.182163
   0.175393
   0.167922
   0.159824
   0.151176
   0.142061
   0.132568
   0.122788
   0.112814
   0.102744
  0.0926731
  0.0826996
   0.072919
  0.0634257
   0.054311
  0.0456627
  0.0375641
  0.0300932
   0.023322
  0.0173156
   0.012132
 0.00782099
 0.00442416
 0.00197422
0.000494745
0.000502532
 0.00200529
  0.0044938
 0.00794409
  0.0123229
  0.0175881
   0.023689
  0.0305668
  0.0381553
  0.0463813
  0.0551657
  0.0644239
  0.0740667
  0.0840012
  0.0941317
   0.104361
    0.11459
    0.12472
   0.134655
   0.144297
   0.153555
   0.162339
   0.170565
   0.178153
   0.185031
   0.191131
   0.196396
   0.200775
   0.204225
   0.206713
   0.208216
   0.208719
   0.208216
   0.206713
   0.204225
   0.200775
   0.196396
   0.191131
   0.185031
   0.178153
   0.170565
   0.162339
   0.153555
   0.144297
   0.134655
    0.12472
    0.11459
   0.104361
  0.0941317
  0.0840012
  0.0740667
  0.0644239
  0.0551657
  0.0463813
  0.0381553
  0.0305668
   0.023689
  0.0175881
  0.0123229
 0.00794409
  0.0044938
 0.00200529
0.000502532
0.000510026
 0.00203519
 0.00456081
 0.00806255
  0.0125067
  0.0178504
  0.0240423
  0.0310226
  0.0387243
   0.047073
  0.0559884
  0.0653846
  0.0751711
  0.0852538
  0.0955354
   0.105917
   0.116298
    0.12658
   0.136662
   0.146449
   0.155845
    0.16476
   0.173108
    0.18081
    0.18779
   0.193981
   0.199325
   0.203769
    0.20727
   0.209796
   0.211321
   0.211831
   0.211321
   0.209796
    0.20727
   0.203769
   0.199325
   0.193981
    0.18779
    0.18081
   0.173108
    0.16476
   0.155845
   0.146449
   0.136662
    0.12658
   0.116298
   0.105917
  0.0955354
  0.0852538
  0.0751711
  0.0653846
  0.0559884
   0.047073
  0.0387243
  0.0310227
  0.0240423
  0.0178504
  0.0125067
 0.00806255
 0.00456081
 0.00203519
0.000510026
0.000517226
 0.00206392
 0.00462519
 0.00817636
  0.0126832
  0.0181024
  0.0243817
  0.0314606
  0.0392709
  0.0477375
  0.0567787
  0.0663076
  0.0762323
  0.0864572
  0.0968839
   0.107412
    0.11794
   0.128367
   0.138591
   0.148516
   0.158045
   0.167086
   0.175552
   0.183362
    0.19044
   0.196719
   0.202138
   0.206645
   0.210196
   0.212757
   0.214304
   0.214821
   0.214304
   0.212757
   0.210196
   0.206645
   0.202138
   0.196719
    0.19044
   0.183362
   0.175552
   0.167086
   0.158045
   0.148516
   0.138591
   0.128367
    0.11794
   0.107412
  0.0968839
  0.0864572
  0.0762323
  0.0663076
  0.0567787
  0.0477375
  0.0392709
  0.0314606
  0.0243817
  0.0181024
  0.0126832
 0.00817636
 0.00462519
 0.00206392
0.000517226
0.000524132
 0.00209148
 0.00468694
 0.00828553
  0.0128526
  0.0183441
  0.0247072
  0.0318806
  0.0397953
  0.0483749
  0.0575368
  0.0671929
  0.0772501
  0.0876115
  0.0981774
   0.108846
   0.119515
   0.130081
   0.140442
   0.150499
   0.160155
   0.169316
   0.177896
    0.18581
   0.192983
   0.199346
   0.204837
   0.209404
   0.213002
   0.215598
   0.217165
   0.217689
   0.217165
   0.215597
   0.213002
   0.209404
   0.204837
   0.199346
   0.192983
    0.18581
   0.177896
   0.169316
   0.160155
   0.150499
   0.140442
   0.130081
   0.119515
   0.108846
  0.0981774
  0.0876115
  0.0772501
  0.0671929
  0.0575369
  0.0483749
  0.0397953
  0.0318807
  0.0247072
  0.0183441
  0.0128526
 0.00828554
 0.00468695
 0.00209148
0.000524132
0.000530744
 0.00211786
 0.00474607
 0.00839006
  0.0130147
  0.0185755
  0.0250189
  0.0322828
  0.0402973
  0.0489851
  0.0582627
  0.0680406
  0.0782246
  0.0887168
   0.099416
   0.110219
   0.121022
   0.131722
   0.142214
   0.152397
   0.162175
   0.171452
    0.18014
   0.188154
   0.195417
    0.20186
   0.207421
   0.212045
   0.215689
   0.218317
   0.219904
   0.220435
   0.219904
   0.218317
   0.215689
   0.212045
   0.207421
    0.20186
   0.195417
   0.188154
    0.18014
   0.171452
   0.162175
   0.152397
   0.142214
   0.131722
   0.121022
   0.110219
  0.0994161
  0.0887168
  0.0782247
  0.0680406
  0.0582627
  0.0489851
  0.0402973
  0.0322828
  0.0250189
  0.0185755
  0.0130147
 0.00839006
 0.00474607
 0.00211786
0.000530744
0.000537061
 0.00214307
 0.00480257
 0.00848993
  0.0131696
  0.0187966
  0.0253167
  0.0326671
   0.040777
  0.0495682
  0.0589562
  0.0688504
  0.0791557
  0.0897728
   0.100599
   0.111531
   0.122463
   0.133289
   0.143906
   0.154211
   0.164105
   0.173493
   0.182284
   0.190394
   0.197744
   0.204263
    0.20989
   0.214569
   0.218257
   0.220916
   0.222522
   0.223059
   0.222522
   0.220916
   0.218257
   0.214569
    0.20989
   0.204263
   0.197744
   0.190394
   0.182284
   0.173493
   0.164105
   0.154211
   0.143906
   0.133289
   0.122463
   0.111531
   0.100599
  0.0897728
  0.0791558
  0.0688505
  0.0589562
  0.0495682
   0.040777
  0.0326671
  0.0253167
  0.0187966
  0.0131696
 0.00848993
 0.00480257
 0.00214307
0.000537062
0.000543086
 0.00216711
 0.00485644
 0.00858516
  0.0133174
  0.0190075
  0.0256007
  0.0330335
  0.0412343
  0.0501242
  0.0596175
  0.0696228
  0.0800437
  0.0907799
   0.101728
   0.112782
   0.123837
   0.134785
   0.145521
   0.155941
   0.165946
   0.175439
   0.184329
   0.192529
   0.199962
   0.206555
   0.212244
   0.216976
   0.220705
   0.223394
   0.225018
   0.225561
   0.225018
   0.223394
   0.220705
   0.216976
   0.212244
   0.206555
   0.199962
   0.192529
   0.184329
   0.175439
   0.165946
   0.155941
   0.145521
   0.134785
   0.123837
   0.112782
   0.101728
  0.0907799
  0.0800437
  0.0696228
  0.0596175
  0.0501242
  0.0412344
  0.0330335
  0.0256007
  0.0190075
  0.0133174
 0.00858517
 0.00485644
 0.00216711
0.000543086
0.000548817
 0.00218998
 0.00490769
 0.00867576
  0.0134579
  0.0192081
  0.0258709
  0.0333821
  0.0416695
  0.0506532
  0.0602467
  0.0703575
  0.0808884
  0.0917378
   0.102801
   0.113972
   0.125143
   0.136207
   0.147056
   0.157587
   0.167697
    0.17729
   0.186274
   0.194561
   0.202072
   0.208734
   0.214484
   0.219266
   0.223034
   0.225751
   0.227392
   0.227941
   0.227392
   0.225751
   0.223034
   0.219266
   0.214484
   0.208734
   0.202072
   0.194561
   0.186274
    0.17729
   0.167697
   0.157587
   0.147056
   0.136207
   0.125143
   0.113972
   0.102801
  0.0917378
  0.0808884
  0.0703575
  0.0602467
  0.0506532
  0.0416695
  0.0333821
  0.0258709
  0.0192081
  0.0134579
 0.00867576
 0.00490769
 0.00218998
0.000548817
0.000554254
 0.00221168
  0.0049563
  0.0087617
  0.0135912
  0.0193983
  0.0261271
  0.0337128
  0.0420823
  0.0511549
  0.0608434
  0.0710544
  0.0816896
  0.0926465
    0.10382
   0.115101
   0.126383
   0.137556
   0.148513
   0.159148
   0.169358
   0.179047
   0.188119
   0.196488
   0.204073
   0.210802
   0.216609
   0.221438
   0.225243
   0.227988
   0.229645
   0.230199
   0.229645
   0.227988
   0.225243
   0.221438
   0.216609
   0.210802
   0.204074
   0.196488
   0.188119
   0.179047
   0.169358
   0.159148
   0.148513
   0.137556
   0.126383
   0.115101
    0.10382
  0.0926465
  0.0816896
  0.0710545
  0.0608435
   0.051155
  0.0420823
  0.0337128
  0.0261272
  0.0193984
  0.0135912
 0.00876171
 0.00495631
 0.00221168
0.000554254
0.000559396
  0.0022322
 0.00500229
   0.008843
  0.0137173
  0.0195783
  0.0263696
  0.0340256
  0.0424727
  0.0516296
   0.061408
  0.0717137
  0.0824476
  0.0935062
   0.104783
   0.116169
   0.127556
   0.138832
   0.149891
   0.160624
    0.17093
   0.180708
   0.189864
   0.198311
   0.205967
   0.212758
   0.218619
   0.223493
   0.227333
   0.230103
   0.231776
   0.232335
   0.231776
   0.230103
   0.227333
   0.223493
   0.218619
   0.212758
   0.205967
   0.198311
   0.189864
   0.180708
    0.17093
   0.160624
   0.149891
   0.138832
   0.127556
   0.116169
   0.104783
  0.0935062
  0.0824476
  0.0717137
   0.061408
  0.0516296
  0.0424727
  0.0340256
  0.0263696
  0.0195783
  0.0137173
   0.008843
 0.00500229
  0.0022322
0.000559396
0.000564245
 0.00225155
 0.00504565
 0.00891965
  0.0138362
   0.019748
  0.0265981
  0.0343206
  0.0428409
  0.0520771
  0.0619403
  0.0723354
  0.0831623
  0.0943167
   0.105691
   0.117176
   0.128662
   0.140036
    0.15119
   0.162017
   0.172412
   0.182275
    0.19151
    0.20003
   0.207753
   0.214602
   0.220514
    0.22543
   0.229304
   0.232098
   0.233785
   0.234349
   0.233785
   0.232098
   0.229304
    0.22543
   0.220514
   0.214602
   0.207753
    0.20003
    0.19151
   0.182275
   0.172412
   0.162017
    0.15119
   0.140036
   0.128662
   0.117176
   0.105691
  0.0943168
  0.0831623
  0.0723354
  0.0619403
  0.0520771
  0.0428409
  0.0343206
  0.0265982
   0.019748
  0.0138362
 0.00891966
 0.00504565
 0.00225155
0.000564245
0.000568801
 0.00226972
 0.00508639
 0.00899166
  0.0139479
  0.0199075
  0.0268129
  0.0345976
  0.0431868
  0.0524976
  0.0624404
  0.0729194
  0.0838337
  0.0950782
   0.106545
   0.118122
     0.1297
   0.141166
   0.152411
   0.163325
   0.173803
   0.183746
   0.193056
   0.201645
   0.209429
   0.216334
   0.222294
    0.22725
   0.231155
   0.233971
   0.235672
   0.236241
   0.235672
   0.233971
   0.231155
    0.22725
   0.222294
   0.216334
   0.209429
   0.201645
   0.193056
   0.183746
   0.173803
   0.163325
   0.152411
   0.141166
     0.1297
   0.118122
   0.106545
  0.0950782
  0.0838337
  0.0729194
  0.0624404
  0.0524976
  0.0431868
  0.0345977
  0.0268129
  0.0199075
  0.0139479
 0.00899167
 0.00508639
 0.00226972
0.000568801
0.000573063
 0.00228673
 0.00512451
 0.00905905
  0.0140525
  0.0200567
  0.0270138
  0.0348569
  0.0435104
   0.052891
  0.0629082
  0.0734657
  0.0844618
  0.0957905
   0.107343
   0.119007
   0.130672
   0.142224
   0.153553
   0.164548
   0.175105
   0.185122
   0.194502
   0.203155
   0.210998
   0.217955
   0.223959
   0.228952
   0.232886
   0.235724
   0.237437
    0.23801
   0.237437
   0.235724
   0.232886
   0.228952
   0.223959
   0.217955
   0.210998
   0.203156
   0.194502
   0.185122
   0.175105
   0.164548
   0.153553
   0.142224
   0.130672
   0.119007
   0.107343
  0.0957906
  0.0844618
  0.0734657
  0.0629082
   0.052891
  0.0435104
  0.0348569
  0.0270138
  0.0200567
  0.0140525
 0.00905905
 0.00512451
 0.00228673
0.000573063
0.000577031
 0.00230257
 0.00515999
 0.00912177
  0.0141498
  0.0201955
  0.0272009
  0.0350983
  0.0438117
  0.0532573
  0.0633439
  0.0739745
  0.0850468
  0.0964539
   0.108086
   0.119832
   0.131577
   0.143209
   0.154616
   0.165688
   0.176318
   0.186404
   0.195849
   0.204562
   0.212459
   0.219464
   0.225509
   0.230537
   0.234499
   0.237356
   0.239081
   0.239658
   0.239081
   0.237356
   0.234499
   0.230537
    0.22551
   0.219464
   0.212459
   0.204562
   0.195849
   0.186404
   0.176318
   0.165688
   0.154616
   0.143209
   0.131577
   0.119832
   0.108086
  0.0964539
  0.0850468
  0.0739745
  0.0633439
  0.0532573
  0.0438117
  0.0350983
  0.0272009
  0.0201956
  0.0141498
 0.00912177
 0.00515999
 0.00230257
0.000577031
0.000580705
 0.00231723
 0.00519284
 0.00917985
  0.0142399
  0.0203241
   0.027374
  0.0353217
  0.0440906
  0.0535963
  0.0637471
  0.0744454
  0.0855881
  0.0970679
   0.108774
   0.120594
   0.132414
   0.144121
     0.1556
   0.166743
   0.177441
   0.187591
   0.197096
   0.205865
   0.213812
   0.220861
   0.226945
   0.232005
   0.235992
   0.238867
   0.240603
   0.241184
   0.240603
   0.238867
   0.235992
   0.232005
   0.226945
   0.220861
   0.213812
   0.205865
   0.197096
   0.187591
   0.177441
   0.166743
     0.1556
   0.144121
   0.132415
   0.120594
   0.108774
  0.0970679
  0.0855881
  0.0744454
  0.0637471
  0.0535963
  0.0440906
  0.0353217
   0.027374
  0.0203241
  0.0142399
 0.00917985
 0.00519284
 0.00231723
0.000580705
0.000584085
 0.00233071
 0.00522306
 0.00923328
  0.0143227
  0.0204424
  0.0275334
  0.0355273
  0.0443472
  0.0539082
  0.0641182
  0.0748787
  0.0860863
  0.0976329
   0.109407
   0.121296
   0.133185
   0.144959
   0.156506
   0.167713
   0.178473
   0.188683
   0.198243
   0.207063
   0.215056
   0.222147
   0.228266
   0.233355
   0.237365
   0.240257
   0.242004
   0.242588
   0.242004
   0.240257
   0.237365
   0.233355
   0.228266
   0.222147
   0.215056
   0.207063
   0.198243
   0.188683
   0.178473
   0.167713
   0.156506
   0.144959
   0.133185
   0.121296
   0.109407
  0.0976329
  0.0860863
  0.0748788
  0.0641182
  0.0539082
  0.0443472
  0.0355273
  0.0275334
  0.0204424
  0.0143227
 0.00923328
 0.00522307
 0.00233071
0.000584085
0.000587172
 0.00234303
 0.00525067
 0.00928208
  0.0143984
  0.0205505
  0.0276789
  0.0357151
  0.0445816
  0.0541931
   0.064457
  0.0752744
  0.0865412
  0.0981489
   0.109986
   0.121937
   0.133889
   0.145726
   0.157333
   0.168599
   0.179417
    0.18968
   0.199291
   0.208157
   0.216193
   0.223321
   0.229472
   0.234588
   0.238619
   0.241527
   0.243283
    0.24387
   0.243283
   0.241527
   0.238619
   0.234588
   0.229472
   0.223321
   0.216193
   0.208157
   0.199291
    0.18968
   0.179417
   0.168599
   0.157333
   0.145726
   0.133889
   0.121937
   0.109986
  0.0981489
  0.0865413
  0.0752745
   0.064457
  0.0541931
  0.0445816
  0.0357151
  0.0276789
  0.0205505
  0.0143984
 0.00928208
 0.00525067
 0.00234303
0.000587172
0.000589965
 0.00235418
 0.00527564
 0.00932623
  0.0144669
  0.0206482
  0.0278105
  0.0358849
  0.0447937
  0.0544509
  0.0647636
  0.0756324
  0.0869528
  0.0986156
   0.110509
   0.122517
   0.134526
   0.146419
   0.158081
   0.169401
    0.18027
   0.190582
   0.200239
   0.209147
   0.217221
   0.224383
   0.230563
   0.235704
   0.239754
   0.242675
   0.244439
   0.245029
   0.244439
   0.242675
   0.239754
   0.235704
   0.230564
   0.224383
   0.217221
   0.209147
   0.200239
   0.190582
    0.18027
   0.169401
   0.158081
   0.146419
   0.134526
   0.122517
   0.110509
  0.0986156
  0.0869528
  0.0756324
  0.0647636
  0.0544509
  0.0447937
  0.0358849
  0.0278105
  0.0206482
  0.0144669
 0.00932623
 0.00527564
 0.00235418
0.000589965
0.000592464
 0.00236415
 0.00529799
 0.00936574
  0.0145282
  0.0207357
  0.0279283
   0.036037
  0.0449834
  0.0546815
  0.0650379
  0.0759528
  0.0873211
  0.0990333
   0.110977
   0.123036
   0.135096
   0.147039
   0.158751
   0.170119
   0.181033
   0.191389
   0.201087
   0.210033
   0.218141
   0.225333
    0.23154
   0.236702
    0.24077
   0.243703
   0.245475
   0.246067
   0.245475
   0.243703
   0.240769
   0.236702
    0.23154
   0.225333
   0.218141
   0.210033
   0.201087
   0.191389
   0.181033
   0.170119
   0.158751
   0.147039
   0.135096
   0.123036
   0.110977
  0.0990334
  0.0873211
  0.0759528
  0.0650379
  0.0546815
  0.0449834
   0.036037
  0.0279284
  0.0207357
  0.0145282
 0.00936574
 0.00529799
 0.00236415
0.000592464
0.000594669
 0.00237295
 0.00531771
 0.00940059
  0.0145823
  0.0208128
  0.0280323
  0.0361711
  0.0451508
   0.054885
    0.06528
  0.0762355
  0.0876461
  0.0994019
    0.11139
   0.123494
   0.135598
   0.147586
   0.159342
   0.170752
   0.181707
   0.192102
   0.201835
   0.210815
   0.218953
   0.226172
   0.232402
   0.237583
   0.241666
    0.24461
   0.246388
   0.246983
   0.246388
    0.24461
   0.241666
   0.237583
   0.232402
   0.226172
   0.218953
   0.210815
   0.201835
   0.192102
   0.181707
   0.170752
   0.159342
   0.147586
   0.135598
   0.123494
    0.11139
   0.099402
  0.0876461
  0.0762355
    0.06528
   0.054885
  0.0451508
  0.0361711
  0.0280323
  0.0208128
  0.0145823
 0.00940059
 0.00531771
 0.00237295
0.000594669
 0.00059658
 0.00238057
 0.00533479
 0.00943079
  0.0146291
  0.0208797
  0.0281223
  0.0362873
  0.0452959
  0.0550614
  0.0654897
  0.0764805
  0.0879278
  0.0997214
   0.111748
   0.123891
   0.136034
    0.14806
   0.159854
   0.171301
   0.182291
   0.192719
   0.202484
   0.211492
   0.219657
   0.226899
   0.233149
   0.238347
   0.242443
   0.245396
    0.24718
   0.247777
    0.24718
   0.245396
   0.242443
   0.238347
   0.233149
   0.226899
   0.219656
   0.211492
   0.202484
   0.192719
   0.182291
   0.171301
   0.159854
    0.14806
   0.136034
   0.123891
   0.111748
  0.0997214
  0.0879278
  0.0764805
  0.0654897
  0.0550614
  0.0452959
  0.0362873
  0.0281223
  0.0208797
  0.0146291
  0.0094308
 0.00533479
 0.00238057
 0.00059658
0.000598197
 0.00238703
 0.00534926
 0.00945637
  0.0146688
  0.0209363
  0.0281986
  0.0363857
  0.0454187
  0.0552107
  0.0656673
  0.0766878
  0.0881662
  0.0999918
   0.112051
   0.124227
   0.136403
   0.148462
   0.160287
   0.171765
   0.182785
   0.193242
   0.203033
   0.212066
   0.220252
   0.227514
   0.233781
   0.238993
     0.2431
   0.246062
   0.247851
   0.248449
   0.247851
   0.246062
     0.2431
   0.238993
   0.233781
   0.227514
   0.220252
   0.212066
   0.203033
   0.193242
   0.182785
   0.171765
   0.160287
   0.148462
   0.136403
   0.124227
   0.112051
  0.0999918
  0.0881662
  0.0766879
  0.0656673
  0.0552107
  0.0454187
  0.0363857
  0.0281986
  0.0209363
  0.0146688
 0.00945637
 0.00534926
 0.00238703
0.000598197
0.000599522
 0.00239231
  0.0053611
 0.00947731
  0.0147013
  0.0209827
   0.028261
  0.0364662
  0.0455193
  0.0553329
  0.0658127
  0.0768576
  0.0883614
   0.100213
   0.112299
   0.124502
   0.136705
    0.14879
   0.160642
   0.172145
    0.18319
   0.193669
   0.203482
   0.212535
    0.22074
   0.228017
   0.234298
   0.239522
   0.243638
   0.246606
   0.248399
   0.248998
   0.248399
   0.246606
   0.243638
   0.239522
   0.234298
   0.228017
    0.22074
   0.212535
   0.203482
   0.193669
    0.18319
   0.172145
   0.160642
    0.14879
   0.136705
   0.124502
   0.112299
   0.100213
  0.0883614
  0.0768576
  0.0658127
  0.0553329
  0.0455193
  0.0364662
   0.028261
  0.0209827
  0.0147013
  0.0094773
  0.0053611
 0.00239231
0.000599521
0.000600552
 0.00239643
 0.00537032
  0.0094936
  0.0147265
  0.0210188
  0.0283096
  0.0365289
  0.0455975
  0.0554281
  0.0659258
  0.0769898
  0.0885133
   0.100385
   0.112492
   0.124716
    0.13694
   0.149046
   0.160918
   0.172441
   0.183505
   0.194002
   0.203832
     0.2129
   0.221119
    0.22841
   0.234701
   0.239934
   0.244057
    0.24703
   0.248826
   0.249427
   0.248826
    0.24703
   0.244057
   0.239934
   0.234701
    0.22841
   0.221119
     0.2129
   0.203832
   0.194002
   0.183505
   0.172441
   0.160918
   0.149046
    0.13694
   0.124716
   0.112492
   0.100385
  0.0885133
  0.0769898
  0.0659259
  0.0554281
  0.0455975
  0.0365289
  0.0283096
  0.0210188
  0.0147265
  0.0094936
 0.00537032
 0.00239642
0.000600552
0.000601289
 0.00239937
 0.00537691
 0.00950525
  0.0147446
  0.0210445
  0.0283443
  0.0365737
  0.0456535
   0.055496
  0.0660067
  0.0770842
  0.0886218
   0.100508
    0.11263
   0.124869
   0.137108
   0.149229
   0.161115
   0.172653
    0.18373
    0.19424
   0.204082
   0.213161
    0.22139
    0.22869
   0.234989
   0.240228
   0.244356
   0.247333
   0.249131
   0.249732
   0.249131
   0.247333
   0.244356
   0.240228
   0.234989
    0.22869
    0.22139
   0.213161
   0.204082
    0.19424
    0.18373
   0.172653
   0.161115
   0.149229
   0.137108
   0.124869
    0.11263
   0.100508
  0.0886218
  0.0770842
  0.0660067
   0.055496
  0.0456535
  0.0365737
  0.0283443
  0.0210445
  0.0147446
 0.00950525
 0.00537691
 0.00239937
0.000601289
0.000601732
 0.00240113
 0.00538087
 0.00951224
  0.0147555
    0.02106
  0.0283652
  0.0366007
   0.045687
  0.0555369
  0.0660553
  0.0771409
   0.088687
   0.100582
   0.112713
   0.124961
   0.137209
   0.149339
   0.161234
    0.17278
   0.183865
   0.194383
   0.204232
   0.213318
   0.221553
   0.228858
   0.235162
   0.240404
   0.244535
   0.247515
   0.249314
   0.249916
   0.249314
   0.247515
   0.244535
   0.240404
   0.235162
   0.228858
   0.221553
   0.213318
   0.204232
   0.194383
   0.183865
    0.17278
   0.161234
   0.149339
   0.137209
   0.124961
   0.112713
   0.100582
   0.088687
  0.0771409
  0.0660553
  0.0555369
  0.0456871
  0.0366007
  0.0283652
    0.02106
  0.0147555
 0.00951224
 0.00538087
 0.00240113
0.000601732
0.000601881
 0.00240173
  0.0053822
  0.0095146
  0.0147591
  0.0210652
  0.0283722
  0.0366097
  0.0456984
  0.0555506
  0.0660716
    0.07716
  0.0887089
   0.100607
    0.11274
   0.124991
   0.137243
   0.149376
   0.161274
   0.172822
    0.18391
   0.194431
   0.204283
   0.213371
   0.221608
   0.228914
    0.23522
   0.240464
   0.244596
   0.247576
   0.249376
   0.249978
   0.249376
   0.247576
   0.244596
   0.240464
    0.23522
   0.228914
   0.221608
   0.213371
   0.204283
   0.194431
    0.18391
   0.172822
   0.161274
   0.149376
   0.137243
   0.124991
    0.11274
   0.100607
  0.0887089
    0.07716
  0.0660716
  0.0555506
  0.0456983
  0.0366097
  0.0283722
  0.0210652
  0.0147591
 0.00951459
  0.0053822
 0.00240173
0.000601881
0.000601736
 0.00240115
  0.0053809
  0.0095123
  0.0147556
  0.0210602
  0.0283654
  0.0366009
  0.0456873
  0.0555372
  0.0660557
  0.0771414
  0.0886876
   0.100583
   0.112713
   0.124961
   0.137209
    0.14934
   0.161235
   0.172781
   0.183866
   0.194384
   0.204233
   0.213319
   0.221554
   0.228859
   0.235163
   0.240406
   0.244537
   0.247516
   0.249316
   0.249917
   0.249316
   0.247516
   0.244537
   0.240406
   0.235163
   0.228859
   0.221554
   0.213319
   0.204233
   0.194384
   0.183866
   0.172781
   0.161235
    0.14934
   0.137209
   0.124961
   0.112713
   0.100583
  0.0886876
  0.0771414
  0.0660557
  0.0555372
  0.0456873
  0.0366009
  0.0283654
  0.0210602
  0.0147556
  0.0095123
  0.0053809
 0.00240115
0.000601736
0.000601297
 0.00239939
 0.00537698
 0.00950536
  0.0147448
  0.0210448
  0.0283447
  0.0365742
   0.045654
  0.0554967
  0.0660075
  0.0770851
  0.0886229
    0.10051
   0.112631
    0.12487
   0.137109
   0.149231
   0.161117
   0.172655
   0.183732
   0.194242
   0.204085
   0.213164
   0.221393
   0.228692
   0.234992
   0.240231
   0.244359
   0.247336
   0.249134
   0.249736
   0.249134
   0.247336
   0.244359
   0.240231
   0.234992
   0.228692
   0.221393
   0.213164
   0.204085
   0.194242
   0.183732
   0.172655
   0.161117
   0.149231
   0.137109
    0.12487
   0.112631
    0.10051
  0.0886229
  0.0770851
  0.0660075
  0.0554967
   0.045654
  0.0365742
  0.0283447
  0.0210448
  0.0147448
 0.00950536
 0.00537698
 0.00239939
0.000601297
0.000600563
 0.00239647
 0.00537042
 0.00949377
  0.0147268
  0.0210191
  0.0283101
  0.0365296
  0.0455983
   0.055429
   0.065927
  0.0769912
  0.0885149
   0.100387
   0.112494
   0.124718
   0.136942
   0.149049
   0.160921
   0.172445
   0.183508
   0.194006
   0.203836
   0.212904
   0.221123
   0.228414
   0.234706
   0.239938
   0.244061
   0.247035
   0.248831
   0.249431
   0.248831
   0.247035
   0.244061
   0.239938
   0.234706
   0.228414
   0.221123
   0.212904
   0.203836
   0.194006
   0.183508
   0.172445
   0.160921
   0.149049
   0.136943
   0.124718
   0.112494
   0.100387
  0.0885149
  0.0769912
   0.065927
  0.0554291
  0.0455984
  0.0365296
  0.0283101
  0.0210191
  0.0147268
 0.00949377
 0.00537042
 0.00239647
0.000600563
0.000599536
 0.00239237
 0.00536123
 0.00947753
  0.0147016
  0.0209832
  0.0282617
  0.0364671
  0.0455204
  0.0553342
  0.0658143
  0.0768595
  0.0883635
   0.100216
   0.112301
   0.124505
   0.136708
   0.148794
   0.160646
   0.172149
   0.183194
   0.193674
   0.203487
    0.21254
   0.220745
   0.228023
   0.234304
   0.239528
   0.243644
   0.246612
   0.248405
   0.249005
   0.248405
   0.246612
   0.243644
   0.239528
   0.234304
   0.228023
   0.220745
    0.21254
   0.203487
   0.193674
   0.183194
   0.172149
   0.160646
   0.148794
   0.136708
   0.124505
   0.112301
   0.100216
  0.0883635
  0.0768595
  0.0658143
  0.0553343
  0.0455204
  0.0364671
  0.0282617
  0.0209832
  0.0147016
 0.00947753
 0.00536123
 0.00239237
0.000599536
0.000598215
  0.0023871
 0.00534942
 0.00945665
  0.0146692
   0.020937
  0.0281995
  0.0363868
  0.0454201
  0.0552124
  0.0656693
  0.0766902
  0.0881689
  0.0999949
   0.112054
   0.124231
   0.136407
   0.148466
   0.160292
    0.17177
   0.182791
   0.193247
   0.203039
   0.212072
   0.220259
   0.227521
   0.233788
   0.239001
   0.243108
    0.24607
   0.247858
   0.248457
   0.247858
    0.24607
   0.243108
   0.239001
   0.233788
   0.227521
   0.220259
   0.212072
   0.203039
   0.193247
   0.182791
    0.17177
   0.160292
   0.148466
   0.136407
   0.124231
   0.112054
  0.0999949
  0.0881689
  0.0766902
  0.0656694
  0.0552124
  0.0454201
  0.0363868
  0.0281995
   0.020937
  0.0146692
 0.00945666
 0.00534942
  0.0023871
0.000598215
0.000596601
 0.00238066
 0.00533498
 0.00943113
  0.0146296
  0.0208804
  0.0281233
  0.0362886
  0.0452975
  0.0550633
   0.065492
  0.0764832
  0.0879309
   0.099725
   0.111752
   0.123895
   0.136039
   0.148066
    0.15986
   0.171307
   0.182298
   0.192726
   0.202491
     0.2115
   0.219665
   0.226907
   0.233157
   0.238356
   0.242451
   0.245406
   0.247189
   0.247786
   0.247189
   0.245406
   0.242451
   0.238356
   0.233157
   0.226907
   0.219665
     0.2115
   0.202491
   0.192726
   0.182298
   0.171307
    0.15986
   0.148066
   0.136039
   0.123895
   0.111752
   0.099725
  0.0879309
  0.0764832
  0.0654921
  0.0550633
  0.0452975
  0.0362886
  0.0281233
  0.0208804
  0.0146296
 0.00943113
 0.00533498
 0.00238066
0.000596601
0.000594693
 0.00237304
 0.00531793
 0.00940097
  0.0145829
  0.0208137
  0.0280334
  0.0361725
  0.0451527
  0.0548873
  0.0652827
  0.0762387
  0.0876498
  0.0994061
   0.111394
   0.123499
   0.135604
   0.147592
   0.159348
   0.170759
   0.181715
    0.19211
   0.201844
   0.210824
   0.218962
   0.226181
   0.232412
   0.237593
   0.241676
    0.24462
   0.246399
   0.246993
   0.246399
   0.244621
   0.241676
   0.237593
   0.232412
   0.226181
   0.218962
   0.210824
   0.201844
    0.19211
   0.181715
   0.170759
   0.159348
   0.147592
   0.135604
   0.123499
   0.111394
  0.0994061
  0.0876498
  0.0762387
  0.0652827
  0.0548873
  0.0451527
  0.0361725
  0.0280334
  0.0208137
  0.0145829
 0.00940097
 0.00531792
 0.00237304
0.000594693
0.000592491
 0.00236426
 0.00529824
 0.00936617
  0.0145289
  0.0207366
  0.0279296
  0.0360386
  0.0449855
  0.0546841
   0.065041
  0.0759564
  0.0873253
   0.099038
   0.110982
   0.123042
   0.135102
   0.147046
   0.158758
   0.170127
   0.181042
   0.191398
   0.201096
   0.210043
   0.218151
   0.225344
   0.231551
   0.236713
   0.240781
   0.243715
   0.245486
   0.246079
   0.245486
   0.243715
   0.240781
   0.236713
   0.231551
   0.225344
   0.218151
   0.210043
   0.201096
   0.191398
   0.181042
   0.170127
   0.158758
   0.147046
   0.135102
   0.123042
   0.110982
   0.099038
  0.0873252
  0.0759564
   0.065041
  0.0546841
  0.0449855
  0.0360386
  0.0279296
  0.0207366
  0.0145289
 0.00936617
 0.00529824
 0.00236426
0.000592491
0.000589995
  0.0023543
 0.00527592
 0.00932671
  0.0144677
  0.0206493
   0.027812
  0.0358868
   0.044796
  0.0544537
  0.0647669
  0.0756364
  0.0869574
  0.0986208
   0.110514
   0.122524
   0.134533
   0.146426
    0.15809
    0.16941
   0.180279
   0.190592
   0.200249
   0.209158
   0.217232
   0.224395
   0.230576
   0.235716
   0.239767
   0.242688
   0.244452
   0.245042
   0.244452
   0.242688
   0.239767
   0.235716
   0.230576
   0.224395
   0.217232
   0.209158
   0.200249
   0.190592
   0.180279
    0.16941
   0.158089
   0.146426
   0.134533
   0.122524
   0.110514
  0.0986208
  0.0869573
  0.0756364
  0.0647669
  0.0544537
   0.044796
  0.0358868
   0.027812
  0.0206493
  0.0144677
 0.00932671
 0.00527592
  0.0023543
0.000589995
0.000587206
 0.00234317
 0.00525097
 0.00928262
  0.0143993
  0.0205516
  0.0276805
  0.0357171
  0.0445842
  0.0541962
  0.0644607
  0.0752788
  0.0865463
  0.0981546
   0.109992
   0.121944
   0.133897
   0.145734
   0.157342
   0.168609
   0.179427
   0.189691
   0.199303
   0.208169
   0.216205
   0.223334
   0.229486
   0.234602
   0.238633
   0.241541
   0.243297
   0.243884
   0.243297
   0.241541
   0.238633
   0.234602
   0.229486
   0.223334
   0.216205
   0.208169
   0.199303
   0.189691
   0.179427
   0.168609
   0.157342
   0.145734
   0.133897
   0.121944
   0.109992
  0.0981545
  0.0865462
  0.0752788
  0.0644607
  0.0541962
  0.0445842
  0.0357171
  0.0276805
  0.0205516
  0.0143993
 0.00928262
 0.00525097
 0.00234317
0.000587206
0.000584122
 0.00233086
 0.00522339
 0.00923386
  0.0143236
  0.0204437
  0.0275351
  0.0355295
    0.04435
  0.0539116
  0.0641222
  0.0748835
  0.0860917
  0.0976391
   0.109414
   0.121304
   0.133194
   0.144969
   0.156516
   0.167724
   0.178485
   0.188695
   0.198256
   0.207076
    0.21507
   0.222161
   0.228281
    0.23337
   0.237381
   0.240273
    0.24202
   0.242604
    0.24202
   0.240273
   0.237381
    0.23337
   0.228281
   0.222161
    0.21507
   0.207076
   0.198256
   0.188695
   0.178485
   0.167724
   0.156516
   0.144969
   0.133194
   0.121304
   0.109414
  0.0976391
  0.0860917
  0.0748835
  0.0641222
  0.0539116
    0.04435
  0.0355295
  0.0275351
  0.0204437
  0.0143236
 0.00923386
 0.00522339
 0.00233086
0.000584122
0.000580744
 0.00231738
 0.00519319
 0.00918047
  0.0142408
  0.0203255
  0.0273759
  0.0353241
  0.0440936
  0.0535999
  0.0637515
  0.0744505
   0.085594
  0.0970746
   0.108782
   0.120603
   0.132424
   0.144131
   0.155611
   0.166754
   0.177453
   0.187604
    0.19711
   0.205879
   0.213827
   0.220877
   0.226961
   0.232021
   0.236008
   0.238884
    0.24062
   0.241201
    0.24062
   0.238884
   0.236008
   0.232021
   0.226961
   0.220877
   0.213827
   0.205879
    0.19711
   0.187604
   0.177453
   0.166754
   0.155611
   0.144131
   0.132424
   0.120603
   0.108782
  0.0970746
   0.085594
  0.0744505
  0.0637515
  0.0535999
  0.0440936
  0.0353241
  0.0273759
  0.0203255
  0.0142408
 0.00918047
 0.00519319
 0.00231738
0.000580744
0.000577073
 0.00230273
 0.00516037
 0.00912244
  0.0141508
   0.020197
  0.0272029
  0.0351009
  0.0438149
  0.0532612
  0.0633486
    0.07398
   0.085053
  0.0964611
   0.108094
    0.11984
   0.131587
    0.14322
   0.154627
     0.1657
   0.176331
   0.186418
   0.195864
   0.204577
   0.212475
   0.219481
   0.225526
   0.230554
   0.234516
   0.237374
   0.239099
   0.239676
   0.239099
   0.237374
   0.234516
   0.230554
   0.225526
   0.219481
   0.212475
   0.204577
   0.195864
   0.186418
   0.176331
     0.1657
   0.154627
    0.14322
   0.131587
    0.11984
   0.108094
  0.0964611
   0.085053
    0.07398
  0.0633486
  0.0532612
  0.0438149
  0.0351009
  0.0272029
   0.020197
  0.0141508
 0.00912244
 0.00516036
 0.00230273
0.000577073
0.000573108
 0.00228691
 0.00512491
 0.00905976
  0.0140536
  0.0200582
  0.0270159
  0.0348597
  0.0435138
  0.0528951
  0.0629132
  0.0734715
  0.0844685
  0.0957981
   0.107351
   0.119017
   0.130682
   0.142235
   0.153565
   0.164562
    0.17512
   0.185137
   0.194518
   0.203172
   0.211015
   0.217973
   0.223977
    0.22897
   0.232905
   0.235743
   0.237456
   0.238029
   0.237456
   0.235743
   0.232905
    0.22897
   0.223977
   0.217973
   0.211015
   0.203172
   0.194518
   0.185137
    0.17512
   0.164562
   0.153565
   0.142235
   0.130682
   0.119017
   0.107351
  0.0957981
  0.0844685
  0.0734715
  0.0629132
  0.0528951
  0.0435138
  0.0348597
  0.0270159
  0.0200582
  0.0140536
 0.00905976
 0.00512491
 0.00228691
0.000573108
0.000568848
 0.00226991
 0.00508681
 0.00899241
  0.0139491
  0.0199091
  0.0268151
  0.0346005
  0.0431904
   0.052502
  0.0624456
  0.0729255
  0.0838408
  0.0950862
   0.106554
   0.118132
   0.129711
   0.141179
   0.152424
   0.163339
   0.173818
   0.183762
   0.193073
   0.201662
   0.209447
   0.216353
   0.222313
   0.227269
   0.231175
   0.233991
   0.235692
   0.236261
   0.235692
   0.233991
   0.231175
   0.227269
   0.222313
   0.216353
   0.209447
   0.201662
   0.193073
   0.183762
   0.173818
   0.163339
   0.152424
   0.141179
   0.129711
   0.118132
   0.106554
  0.0950862
  0.0838408
  0.0729256
  0.0624457
   0.052502
  0.0431904
  0.0346005
  0.0268151
  0.0199091
  0.0139491
 0.00899241
 0.00508681
 0.00226991
0.000568848
0.000564295
 0.00225174
  0.0050461
 0.00892044
  0.0138375
  0.0197498
  0.0266005
  0.0343236
  0.0428447
  0.0520818
  0.0619458
  0.0723418
  0.0831697
  0.0943252
   0.105701
   0.117187
   0.128673
   0.140049
   0.151204
   0.162032
   0.172427
   0.182291
   0.191528
   0.200049
   0.207771
   0.214622
   0.220534
   0.225451
   0.229325
   0.232119
   0.233806
    0.23437
   0.233806
   0.232119
   0.229325
   0.225451
   0.220534
   0.214622
   0.207771
   0.200049
   0.191528
   0.182291
   0.172427
   0.162032
   0.151204
   0.140049
   0.128673
   0.117187
   0.105701
  0.0943252
  0.0831697
  0.0723418
  0.0619458
  0.0520817
  0.0428447
  0.0343236
  0.0266005
  0.0197498
  0.0138374
 0.00892044
  0.0050461
 0.00225174
0.000564295
0.000559448
  0.0022324
 0.00500275
 0.00884382
  0.0137186
  0.0195802
   0.026372
  0.0340288
  0.0424767
  0.0516344
  0.0614137
  0.0717204
  0.0824553
   0.093515
   0.104793
    0.11618
   0.127568
   0.138846
   0.149905
    0.16064
   0.170946
   0.180725
   0.189883
    0.19833
   0.205987
   0.212778
    0.21864
   0.223514
   0.227355
   0.230125
   0.231798
   0.232357
   0.231798
   0.230125
   0.227355
   0.223514
    0.21864
   0.212778
   0.205987
    0.19833
   0.189883
   0.180725
   0.170946
    0.16064
   0.149905
   0.138846
   0.127568
    0.11618
   0.104793
  0.0935149
  0.0824553
  0.0717204
  0.0614137
  0.0516344
  0.0424767
  0.0340288
   0.026372
  0.0195801
  0.0137186
 0.00884382
 0.00500275
  0.0022324
0.000559448
0.000554308
 0.00221189
 0.00495679
 0.00876256
  0.0135925
  0.0194002
  0.0261297
  0.0337161
  0.0420864
  0.0511599
  0.0608494
  0.0710614
  0.0816977
  0.0926557
    0.10383
   0.115113
   0.126396
    0.13757
   0.148528
   0.159164
   0.169375
   0.179065
   0.188138
   0.196508
   0.204094
   0.210823
    0.21663
    0.22146
   0.225266
    0.22801
   0.229668
   0.230222
   0.229668
    0.22801
   0.225266
    0.22146
    0.21663
   0.210823
   0.204094
   0.196508
   0.188138
   0.179065
   0.169375
   0.159164
   0.148528
    0.13757
   0.126396
   0.115113
    0.10383
  0.0926557
  0.0816977
  0.0710614
  0.0608494
  0.0511599
  0.0420864
  0.0337161
  0.0261297
  0.0194002
  0.0135925
 0.00876256
 0.00495679
 0.00221189
0.000554308
0.000548873
 0.00219021
 0.00490819
 0.00867665
  0.0134593
    0.01921
  0.0258735
  0.0333855
  0.0416738
  0.0506584
  0.0602528
  0.0703647
  0.0808967
  0.0917472
   0.102812
   0.113984
   0.125156
   0.136221
   0.147071
   0.157603
   0.167715
   0.177309
   0.186293
   0.194581
   0.202093
   0.208756
   0.214506
   0.219289
   0.223057
   0.225775
   0.227416
   0.227965
   0.227416
   0.225775
   0.223057
   0.219289
   0.214506
   0.208756
   0.202093
   0.194581
   0.186293
   0.177309
   0.167715
   0.157603
   0.147071
   0.136221
   0.125156
   0.113984
   0.102812
  0.0917472
  0.0808967
  0.0703647
  0.0602528
  0.0506584
  0.0416738
  0.0333855
  0.0258735
    0.01921
  0.0134593
 0.00867664
 0.00490819
  0.0021902
0.000548873
0.000543143
 0.00216734
 0.00485695
 0.00858607
  0.0133188
  0.0190095
  0.0256034
   0.033037
  0.0412387
  0.0501296
  0.0596239
  0.0696302
  0.0800523
  0.0907896
   0.101739
   0.112794
    0.12385
   0.134799
   0.145536
   0.155958
   0.165964
   0.175458
   0.184349
    0.19255
   0.199983
   0.206577
   0.212267
      0.217
   0.220729
   0.223418
   0.225042
   0.225585
   0.225042
   0.223418
   0.220729
      0.217
   0.212267
   0.206577
   0.199983
    0.19255
   0.184349
   0.175458
   0.165964
   0.155958
   0.145536
   0.134799
    0.12385
   0.112794
   0.101739
  0.0907895
  0.0800522
  0.0696302
  0.0596239
  0.0501296
  0.0412387
   0.033037
  0.0256034
  0.0190095
  0.0133188
 0.00858607
 0.00485695
 0.00216734
0.000543143
0.000537121
 0.00214331
 0.00480309
 0.00849086
  0.0131711
  0.0187987
  0.0253195
  0.0326707
  0.0407815
  0.0495737
  0.0589627
  0.0688581
  0.0791645
  0.0897828
   0.100611
   0.111544
   0.122477
   0.133304
   0.143923
   0.154229
   0.164124
   0.173513
   0.182305
   0.190415
   0.197766
   0.204286
   0.209914
   0.214594
   0.218281
   0.220941
   0.222547
   0.223084
   0.222547
   0.220941
   0.218281
   0.214594
   0.209914
   0.204286
   0.197766
   0.190415
   0.182305
   0.173513
   0.164124
   0.154229
   0.143922
   0.133304
   0.122477
   0.111544
   0.100611
  0.0897828
  0.0791645
  0.0688581
  0.0589627
  0.0495737
  0.0407815
  0.0326707
  0.0253195
  0.0187987
  0.0131711
 0.00849086
 0.00480309
 0.00214331
 0.00053712
0.000530804
  0.0021181
 0.00474661
 0.00839101
  0.0130162
  0.0185776
  0.0250218
  0.0322865
  0.0403019
  0.0489907
  0.0582694
  0.0680484
  0.0782337
  0.0887271
  0.0994275
   0.110232
   0.121036
   0.131737
    0.14223
   0.152415
   0.162194
   0.171472
   0.180161
   0.188176
    0.19544
   0.201884
   0.207445
    0.21207
   0.215715
   0.218343
    0.21993
   0.220461
    0.21993
   0.218343
   0.215715
    0.21207
   0.207445
   0.201884
    0.19544
   0.188176
   0.180161
   0.171472
   0.162194
   0.152415
    0.14223
   0.131737
   0.121036
   0.110232
  0.0994275
   0.088727
  0.0782336
  0.0680484
  0.0582694
  0.0489907
  0.0403019
  0.0322865
  0.0250218
  0.0185776
  0.0130162
 0.00839101
 0.00474661
  0.0021181
0.000530804
0.000524193
 0.00209172
 0.00468749
  0.0082865
  0.0128541
  0.0183463
  0.0247101
  0.0318844
     0.0398
  0.0483806
  0.0575437
  0.0672009
  0.0772593
   0.087622
  0.0981892
   0.108859
   0.119529
   0.130096
   0.140459
   0.150517
   0.160174
   0.169337
   0.177917
   0.185832
   0.193006
    0.19937
   0.204862
   0.209429
   0.213028
   0.215623
   0.217191
   0.217715
   0.217191
   0.215623
   0.213028
   0.209429
   0.204862
    0.19937
   0.193006
   0.185832
   0.177917
   0.169337
   0.160174
   0.150517
   0.140459
   0.130096
   0.119529
   0.108859
  0.0981892
   0.087622
  0.0772593
  0.0672009
  0.0575437
  0.0483806
     0.0398
  0.0318844
  0.0247101
  0.0183463
  0.0128541
 0.00828651
  0.0046875
 0.00209172
0.000524193
0.000517288
 0.00206417
 0.00462575
 0.00817735
  0.0126848
  0.0181046
  0.0243846
  0.0314644
  0.0392757
  0.0477433
  0.0567856
  0.0663157
  0.0762416
  0.0864678
  0.0968958
   0.107425
   0.117955
   0.128382
   0.138609
   0.148534
   0.158064
   0.167106
   0.175574
   0.183385
   0.190464
   0.196744
   0.202163
   0.206671
   0.210222
   0.212783
    0.21433
   0.214847
    0.21433
   0.212783
   0.210222
   0.206671
   0.202163
   0.196744
   0.190464
   0.183385
   0.175574
   0.167106
   0.158064
   0.148534
   0.138609
   0.128382
   0.117955
   0.107425
  0.0968958
  0.0864678
  0.0762416
  0.0663157
  0.0567856
  0.0477433
  0.0392757
  0.0314644
  0.0243846
  0.0181046
  0.0126848
 0.00817735
 0.00462575
 0.00206417
0.000517288
0.000510089
 0.00203544
 0.00456137
 0.00806355
  0.0125082
  0.0178526
  0.0240453
  0.0310265
  0.0387291
  0.0470788
  0.0559954
  0.0653928
  0.0751805
  0.0852644
  0.0955473
    0.10593
   0.116313
   0.126596
    0.13668
   0.146467
   0.155864
   0.164781
    0.17313
   0.180833
   0.187813
   0.194006
    0.19935
   0.203795
   0.207297
   0.209822
   0.211348
   0.211858
   0.211348
   0.209822
   0.207297
   0.203795
    0.19935
   0.194006
   0.187813
   0.180833
    0.17313
   0.164781
   0.155864
   0.146467
    0.13668
   0.126596
   0.116313
    0.10593
  0.0955473
  0.0852644
  0.0751805
  0.0653928
  0.0559954
  0.0470788
  0.0387291
  0.0310265
  0.0240453
  0.0178526
  0.0125082
 0.00806355
 0.00456137
 0.00203544
0.000510089
0.000502596
 0.00200554
 0.00449436
 0.00794509
  0.0123245
  0.0175904
   0.023692
  0.0305707
  0.0381601
  0.0463872
  0.0551728
  0.0644321
  0.0740761
  0.0840119
  0.0941438
   0.104374
   0.114604
   0.124736
   0.134672
   0.144316
   0.153575
    0.16236
   0.170587
   0.178176
   0.185055
   0.191156
   0.196422
   0.200801
   0.204252
    0.20674
   0.208243
   0.208746
   0.208243
    0.20674
   0.204252
   0.200801
   0.196422
   0.191156
   0.185055
   0.178176
   0.170587
    0.16236
   0.153575
   0.144316
   0.134672
   0.124736
   0.114604
   0.104374
  0.0941438
  0.0840119
  0.0740762
  0.0644322
  0.0551728
  0.0463872
  0.0381601
  0.0305707
   0.023692
  0.0175904
  0.0123245
 0.00794509
 0.00449437
 0.00200554
0.000502596
0.000494809
 0.00197447
 0.00442473
   0.007822
  0.0121335
  0.0173179
   0.023325
  0.0300971
   0.037569
  0.0456686
  0.0543181
   0.063434
  0.0729286
  0.0827104
  0.0926853
   0.102757
   0.112829
   0.122804
   0.132586
    0.14208
   0.151196
   0.159845
   0.167944
   0.175416
   0.182188
   0.188195
   0.193379
    0.19769
   0.201087
   0.203537
   0.205017
   0.205512
   0.205017
   0.203537
   0.201087
    0.19769
   0.193379
   0.188195
   0.182188
   0.175416
   0.167944
   0.159845
   0.151196
    0.14208
   0.132586
   0.122804
   0.112829
   0.102757
  0.0926853
  0.0827105
  0.0729286
   0.063434
  0.0543181
  0.0456686
   0.037569
  0.0300971
   0.023325
  0.0173179
  0.0121335
   0.007822
 0.00442473
 0.00197447
0.000494809
0.000486727
 0.00194222
 0.00435246
 0.00769424
  0.0119354
   0.017035
   0.022944
  0.0296055
  0.0369554
  0.0449227
  0.0534309
  0.0623979
  0.0717375
  0.0813596
  0.0911715
   0.101079
   0.110986
   0.120798
    0.13042
    0.13976
   0.148726
   0.157234
   0.165202
   0.172551
   0.179212
   0.185121
   0.190221
   0.194461
   0.197803
   0.200213
   0.201669
   0.202155
   0.201669
   0.200213
   0.197803
   0.194461
   0.190221
   0.185121
   0.179212
   0.172551
   0.165202
   0.157234
   0.148726
    0.13976
    0.13042
   0.120798
   0.110986
   0.101079
  0.0911715
  0.0813596
  0.0717375
   0.062398
  0.0534309
  0.0449228
  0.0369554
  0.0296055
   0.022944
   0.017035
  0.0119354
 0.00769424
 0.00435246
 0.00194222
0.000486727
0.000478353
  0.0019088
 0.00427758
 0.00756186
    0.01173
  0.0167419
  0.0225493
  0.0290962
  0.0363195
  0.0441498
  0.0525116
  0.0613244
  0.0705032
  0.0799598
  0.0896029
  0.0993398
   0.109077
    0.11872
   0.128176
   0.137355
   0.146167
   0.154529
   0.162359
   0.169582
   0.176129
   0.181936
   0.186947
   0.191115
     0.1944
   0.196768
   0.198199
   0.198677
   0.198199
   0.196768
     0.1944
   0.191115
   0.186947
   0.181936
   0.176129
   0.169582
   0.162359
   0.154529
   0.146167
   0.137355
   0.128176
    0.11872
   0.109077
  0.0993398
  0.0896029
  0.0799597
  0.0705032
  0.0613244
  0.0525116
  0.0441498
  0.0363195
  0.0290962
  0.0225493
  0.0167419
    0.01173
 0.00756186
 0.00427758
  0.0019088
0.000478353
0.000469684
 0.00187421
 0.00420006
 0.00742482
  0.0115174
  0.0164385
  0.0221406
  0.0285689
  0.0356613
  0.0433497
    0.05156
   0.060213
  0.0692255
  0.0785106
   0.087979
  0.0975394
     0.1071
   0.116568
   0.125853
   0.134865
   0.143518
   0.151728
   0.159416
   0.166509
   0.172937
   0.178639
    0.18356
   0.187652
   0.190877
   0.193202
   0.194607
   0.195077
   0.194607
   0.193202
   0.190877
   0.187652
    0.18356
   0.178639
   0.172937
   0.166509
   0.159416
   0.151728
   0.143518
   0.134866
   0.125853
   0.116568
     0.1071
  0.0975394
   0.087979
  0.0785106
  0.0692255
   0.060213
    0.05156
  0.0433497
  0.0356613
  0.0285689
  0.0221406
  0.0164385
  0.0115174
 0.00742482
 0.00420006
 0.00187421
0.000469684
0.000460721
 0.00183845
 0.00411991
 0.00728313
  0.0112977
  0.0161248
  0.0217181
  0.0280237
  0.0349808
  0.0425225
   0.050576
  0.0590639
  0.0679044
  0.0770124
  0.0863001
  0.0956781
   0.105056
   0.114344
   0.123451
   0.132292
    0.14078
   0.148833
   0.156374
   0.163331
   0.169637
    0.17523
   0.180057
   0.184071
   0.187234
   0.189516
   0.190893
   0.191354
   0.190893
   0.189516
   0.187234
   0.184071
   0.180057
    0.17523
   0.169637
   0.163331
   0.156374
   0.148833
    0.14078
   0.132292
   0.123451
   0.114344
   0.105056
  0.0956781
     0.0863
  0.0770124
  0.0679044
  0.0590639
   0.050576
  0.0425224
  0.0349808
  0.0280237
  0.0217181
  0.0161248
  0.0112977
 0.00728313
 0.00411991
 0.00183845
0.000460721
0.000451463
  0.0018015
 0.00403712
 0.00713678
  0.0110706
  0.0158008
  0.0212817
  0.0274606
  0.0342779
   0.041668
  0.0495598
  0.0578771
    0.06654
   0.075465
  0.0845661
  0.0937557
   0.102945
   0.112046
   0.120971
   0.129634
   0.137951
   0.145843
   0.153233
    0.16005
   0.166229
   0.171709
   0.176439
   0.180373
   0.183473
   0.185708
   0.187058
    0.18751
   0.187058
   0.185708
   0.183473
   0.180373
   0.176439
   0.171709
   0.166229
    0.16005
   0.153233
   0.145843
   0.137951
   0.129634
   0.120971
   0.112046
   0.102945
  0.0937557
  0.0845661
   0.075465
    0.06654
  0.0578771
  0.0495598
   0.041668
  0.0342779
  0.0274606
  0.0212817
  0.0158008
  0.0110706
 0.00713678
 0.00403712
  0.0018015
0.000451463
0.000441912
 0.00176339
 0.00395171
  0.0069858
  0.0108364
  0.0154665
  0.0208315
  0.0268796
  0.0335527
  0.0407865
  0.0485113
  0.0566527
  0.0651323
  0.0738685
   0.082777
  0.0917722
   0.100767
   0.109676
   0.118412
   0.126891
   0.135033
   0.142757
   0.149991
   0.156664
   0.162712
   0.168077
   0.172707
   0.176557
   0.179591
   0.181779
   0.183101
   0.183543
   0.183101
   0.181779
   0.179591
   0.176557
   0.172707
   0.168077
   0.162712
   0.156664
   0.149991
   0.142757
   0.135033
   0.126891
   0.118412
   0.109676
   0.100767
  0.0917722
   0.082777
  0.0738685
  0.0651323
  0.0566527
  0.0485113
  0.0407865
  0.0335527
  0.0268796
  0.0208315
  0.0154665
  0.0108364
  0.0069858
 0.00395171
 0.00176339
0.000441912
0.000432067
 0.00172411
 0.00386367
 0.00683016
   0.010595
  0.0151219
  0.0203674
  0.0262808
  0.0328052
  0.0398778
  0.0474305
  0.0553906
  0.0636813
  0.0722228
  0.0809329
  0.0897277
  0.0985224
   0.107232
   0.115774
   0.124065
   0.132024
   0.139577
   0.146649
   0.153174
   0.159087
   0.164332
   0.168859
   0.172624
    0.17559
    0.17773
   0.179022
   0.179454
   0.179022
    0.17773
    0.17559
   0.172624
   0.168859
   0.164332
   0.159087
   0.153174
   0.146649
   0.139577
   0.132024
   0.124065
   0.115774
   0.107232
  0.0985224
  0.0897277
  0.0809329
  0.0722228
  0.0636812
  0.0553906
  0.0474305
  0.0398778
  0.0328052
  0.0262808
  0.0203674
  0.0151219
   0.010595
 0.00683016
 0.00386367
 0.00172411
0.000432067
0.000421927
 0.00168364
   0.003773
 0.00666987
  0.0103464
  0.0147671
  0.0198894
   0.025664
  0.0320353
   0.038942
  0.0463174
  0.0540907
  0.0621868
  0.0705279
  0.0790336
   0.087622
  0.0962104
   0.104716
   0.113057
   0.121153
   0.128926
   0.136302
   0.143208
   0.149579
   0.155354
   0.160476
   0.164897
   0.168573
    0.17147
   0.173559
   0.174821
   0.175243
   0.174821
   0.173559
    0.17147
   0.168573
   0.164897
   0.160476
   0.155354
   0.149579
   0.143208
   0.136302
   0.128926
   0.121153
   0.113057
   0.104716
  0.0962104
   0.087622
  0.0790336
  0.0705279
  0.0621868
  0.0540906
  0.0463174
   0.038942
  0.0320353
   0.025664
  0.0198894
  0.0147671
  0.0103464
 0.00666987
   0.003773
 0.00168364
0.000421927
0.000411494
 0.00164201
  0.0036797
 0.00650494
  0.0100905
  0.0144019
  0.0193976
  0.0250294
  0.0312432
   0.037979
  0.0451721
  0.0527531
   0.060649
  0.0687838
  0.0770792
  0.0854552
  0.0938312
   0.102127
   0.110261
   0.118157
   0.125738
   0.132931
   0.139667
    0.14588
   0.151512
   0.156508
   0.160819
   0.164404
    0.16723
   0.169267
   0.170498
   0.170909
   0.170498
   0.169267
    0.16723
   0.164404
   0.160819
   0.156508
   0.151512
    0.14588
   0.139667
   0.132931
   0.125738
   0.118157
   0.110261
   0.102127
  0.0938312
  0.0854552
  0.0770792
  0.0687838
   0.060649
  0.0527531
  0.0451721
   0.037979
  0.0312432
  0.0250294
  0.0193976
  0.0144019
  0.0100905
 0.00650494
  0.0036797
 0.00164201
0.000411494
0.000400766
  0.0015992
 0.00358377
 0.00633535
 0.00982745
  0.0140264
  0.0188919
  0.0243769
  0.0304287
  0.0369889
  0.0439945
  0.0513779
   0.059068
  0.0669907
  0.0750699
  0.0832276
  0.0913852
  0.0994643
   0.107387
   0.115077
    0.12246
   0.129466
   0.136026
   0.142077
   0.147562
   0.152428
   0.156626
   0.160118
    0.16287
   0.164855
   0.166053
   0.166454
   0.166053
   0.164855
    0.16287
   0.160118
   0.156626
   0.152428
   0.147562
   0.142077
   0.136026
   0.129466
    0.12246
   0.115077
   0.107387
  0.0994643
  0.0913852
  0.0832275
  0.0750699
  0.0669907
   0.059068
  0.0513779
  0.0439945
  0.0369889
  0.0304287
  0.0243769
  0.0188919
  0.0140264
 0.00982745
 0.00633535
 0.00358377
  0.0015992
0.000400766
0.000389745
 0.00155523
 0.00348522
 0.00616113
  0.0095572
  0.0136407
  0.0183723
  0.0237065
  0.0295919
  0.0359717
  0.0427846
   0.049965
  0.0574436
  0.0651485
  0.0730054
  0.0809387
  0.0888721
  0.0967289
   0.104434
   0.111912
   0.119092
   0.125905
   0.132285
    0.13817
   0.143504
   0.148236
   0.152319
   0.155715
   0.158391
   0.160321
   0.161486
   0.161876
   0.161486
   0.160321
   0.158391
   0.155715
   0.152319
   0.148236
   0.143504
    0.13817
   0.132285
   0.125905
   0.119092
   0.111912
   0.104434
  0.0967289
   0.088872
  0.0809387
  0.0730054
  0.0651485
  0.0574436
  0.0499649
  0.0427846
  0.0359717
  0.0295919
  0.0237065
  0.0183723
  0.0136407
  0.0095572
 0.00616113
 0.00348522
 0.00155522
0.000389745
0.000378429
 0.00151007
 0.00338403
 0.00598225
 0.00927972
  0.0132447
  0.0178389
  0.0230182
  0.0287327
  0.0349274
  0.0415424
  0.0485143
  0.0557758
   0.063257
  0.0708858
  0.0785888
  0.0862917
  0.0939205
   0.101402
   0.108663
   0.115635
    0.12225
   0.128444
   0.134159
   0.139338
   0.143932
   0.147897
   0.151194
   0.153792
   0.155666
   0.156798
   0.157176
   0.156798
   0.155666
   0.153792
   0.151194
   0.147897
   0.143932
   0.139338
   0.134159
   0.128444
    0.12225
   0.115635
   0.108663
   0.101402
  0.0939205
  0.0862917
  0.0785887
  0.0708858
   0.063257
  0.0557758
  0.0485143
  0.0415424
  0.0349273
  0.0287327
  0.0230182
  0.0178389
  0.0132447
 0.00927972
 0.00598225
 0.00338403
 0.00151007
0.000378429
0.000366819
 0.00146374
 0.00328021
 0.00579873
 0.00899503
  0.0128383
  0.0172917
  0.0223121
  0.0278512
  0.0338558
   0.040268
  0.0470259
  0.0540647
  0.0613163
  0.0687111
  0.0761778
  0.0836445
  0.0910392
  0.0982909
   0.105329
   0.112087
   0.118499
   0.124504
   0.130043
   0.135063
   0.139517
    0.14336
   0.146556
   0.149075
   0.150891
   0.151988
   0.152355
   0.151988
   0.150891
   0.149075
   0.146556
    0.14336
   0.139517
   0.135063
   0.130043
   0.124504
   0.118499
   0.112087
   0.105329
  0.0982909
  0.0910392
  0.0836445
  0.0761778
  0.0687111
  0.0613163
  0.0540647
  0.0470259
   0.040268
  0.0338558
  0.0278512
  0.0223121
  0.0172917
  0.0128383
 0.00899503
 0.00579872
 0.00328021
 0.00146374
0.000366819
0.000354916
 0.00141624
 0.00317377
 0.00561055
 0.00870314
  0.0124217
  0.0167305
   0.021588
  0.0269475
  0.0327572
  0.0389613
  0.0454999
  0.0523102
  0.0593266
  0.0664814
  0.0737057
  0.0809301
  0.0880849
  0.0951012
   0.101911
    0.10845
   0.114654
   0.120464
   0.125823
    0.13068
   0.134989
   0.138708
     0.1418
   0.144237
   0.145994
   0.147056
   0.147411
   0.147056
   0.145994
   0.144237
     0.1418
   0.138708
   0.134989
    0.13068
   0.125823
   0.120464
   0.114654
    0.10845
   0.101911
  0.0951012
  0.0880849
  0.0809301
  0.0737057
  0.0664814
  0.0593266
  0.0523102
  0.0454999
  0.0389613
  0.0327572
  0.0269475
   0.021588
  0.0167305
  0.0124217
 0.00870314
 0.00561055
 0.00317377
 0.00141624
0.000354916
0.000342718
 0.00136757
 0.00306469
 0.00541773
 0.00840403
  0.0119948
  0.0161555
  0.0208461
  0.0260213
  0.0316314
  0.0376222
  0.0439362
  0.0505124
  0.0572877
  0.0641966
  0.0711727
  0.0781488
  0.0850577
  0.0918328
   0.098409
   0.104723
   0.110714
   0.116324
   0.121499
   0.126189
    0.13035
   0.133941
   0.136927
    0.13928
   0.140977
   0.142002
   0.142344
   0.142002
   0.140977
    0.13928
   0.136927
   0.133941
    0.13035
   0.126189
   0.121499
   0.116324
   0.110714
   0.104723
   0.098409
  0.0918328
  0.0850577
  0.0781488
  0.0711727
  0.0641966
  0.0572877
  0.0505125
  0.0439362
  0.0376222
  0.0316314
  0.0260213
  0.0208461
  0.0161555
  0.0119948
 0.00840403
 0.00541773
 0.00306469
 0.00136757
0.000342718
0.000330226
 0.00131772
 0.00295298
 0.00522025
  0.0080977
  0.0115576
  0.0155667
  0.0200863
  0.0250728
  0.0304784
  0.0362509
  0.0423347
  0.0486713
  0.0551996
  0.0618567
  0.0685785
  0.0753003
  0.0819574
  0.0884857
  0.0948222
   0.100906
   0.106678
   0.112084
    0.11707
    0.12159
   0.125599
   0.129059
   0.131936
   0.134203
   0.135839
   0.136826
   0.137156
   0.136826
   0.135839
   0.134203
   0.131936
   0.129059
   0.125599
    0.12159
    0.11707
   0.112084
   0.106678
   0.100906
  0.0948222
  0.0884857
  0.0819574
  0.0753003
  0.0685785
  0.0618567
  0.0551996
  0.0486713
  0.0423347
  0.0362509
  0.0304784
  0.0250729
  0.0200863
  0.0155667
  0.0115576
  0.0080977
 0.00522025
 0.00295298
 0.00131772
0.000330226
 0.00031744
  0.0012667
 0.00283865
 0.00501813
 0.00778417
  0.0111101
  0.0149639
  0.0193085
  0.0241021
  0.0292983
  0.0348473
  0.0406956
  0.0467868
  0.0530623
  0.0594617
  0.0659233
  0.0723848
  0.0787842
  0.0850597
  0.0911508
  0.0969991
   0.102548
   0.107744
   0.112538
   0.116882
   0.120736
   0.124062
   0.126828
   0.129008
    0.13058
   0.131529
   0.131846
   0.131529
    0.13058
   0.129008
   0.126828
   0.124062
   0.120736
   0.116882
   0.112538
   0.107744
   0.102548
  0.0969991
  0.0911508
  0.0850597
  0.0787842
  0.0723849
  0.0659233
  0.0594617
  0.0530623
  0.0467868
  0.0406956
  0.0348474
  0.0292984
  0.0241021
  0.0193086
   0.014964
  0.0111101
 0.00778417
 0.00501813
 0.00283865
  0.0012667
 0.00031744
 0.00030436
 0.00121451
 0.00272168
 0.00481137
 0.00746343
  0.0106523
  0.0143474
   0.018513
   0.023109
  0.0280911
  0.0334115
  0.0390188
   0.044859
   0.050876
  0.0570116
   0.063207
  0.0694023
   0.075538
   0.081555
  0.0873952
  0.0930024
  0.0983228
   0.103305
   0.107901
   0.112066
   0.115761
    0.11895
   0.121602
   0.123692
   0.125199
   0.126109
   0.126414
   0.126109
   0.125199
   0.123692
   0.121602
    0.11895
   0.115761
   0.112066
   0.107901
   0.103305
  0.0983228
  0.0930025
  0.0873952
   0.081555
   0.075538
  0.0694023
   0.063207
  0.0570117
   0.050876
   0.044859
  0.0390188
  0.0334115
  0.0280912
   0.023109
   0.018513
  0.0143474
  0.0106523
 0.00746344
 0.00481137
 0.00272168
 0.00121451
 0.00030436
0.000290986
 0.00116114
 0.00260209
 0.00459995
 0.00713547
  0.0101843
  0.0137169
  0.0176995
  0.0220935
  0.0268568
  0.0319434
  0.0373043
  0.0428879
  0.0486405
  0.0545066
  0.0604297
  0.0663528
  0.0722189
  0.0779714
   0.083555
  0.0889159
  0.0940024
  0.0987657
    0.10316
   0.107142
   0.110675
   0.113724
   0.116259
   0.118257
   0.119698
   0.120568
   0.120859
   0.120568
   0.119698
   0.118257
   0.116259
   0.113724
   0.110675
   0.107142
    0.10316
  0.0987657
  0.0940025
  0.0889159
  0.0835551
  0.0779715
  0.0722189
  0.0663528
  0.0604297
  0.0545066
  0.0486405
  0.0428879
  0.0373043
  0.0319434
  0.0268568
  0.0220935
  0.0176995
  0.0137169
  0.0101843
 0.00713547
 0.00459995
 0.00260209
 0.00116114
0.000290986
0.000277318
  0.0011066
 0.00247986
 0.00438388
 0.00680031
 0.00970589
  0.0130726
  0.0168681
  0.0210558
  0.0255953
  0.0304429
   0.035552
  0.0408734
  0.0463558
  0.0519463
  0.0575912
  0.0632362
  0.0688267
  0.0743091
  0.0796304
  0.0847396
  0.0895872
  0.0941267
  0.0983143
    0.10211
   0.105476
   0.108382
   0.110798
   0.112702
   0.114076
   0.114905
   0.115182
   0.114905
   0.114076
   0.112702
   0.110798
   0.108382
   0.105477
    0.10211
  0.0983143
  0.0941267
  0.0895872
  0.0847396
  0.0796305
  0.0743091
  0.0688267
  0.0632362
  0.0575912
  0.0519463
  0.0463558
  0.0408734
   0.035552
  0.0304429
  0.0255953
  0.0210558
  0.0168681
  0.0130726
 0.00970589
 0.00680031
 0.00438388
 0.00247986
  0.0011066
0.000277318
0.000263356
 0.00105089
 0.00235502
 0.00416317
 0.00645795
 0.00921725
  0.0124145
  0.0160189
  0.0199957
  0.0243067
  0.0289103
  0.0337622
  0.0388157
   0.044022
  0.0493311
  0.0546918
  0.0600525
  0.0653616
  0.0705679
  0.0756214
  0.0804733
  0.0850769
  0.0893879
  0.0933647
  0.0969691
   0.100166
   0.102926
    0.10522
   0.107029
   0.108333
    0.10912
   0.109384
    0.10912
   0.108333
   0.107029
    0.10522
   0.102926
   0.100166
  0.0969691
  0.0933647
  0.0893879
  0.0850769
  0.0804733
  0.0756214
  0.0705679
  0.0653616
  0.0600525
  0.0546918
  0.0493311
   0.044022
  0.0388157
  0.0337622
  0.0289103
  0.0243067
  0.0199957
  0.0160189
  0.0124145
 0.00921725
 0.00645795
 0.00416317
 0.00235501
 0.00105089
0.000263356
0.000249101
0.000994005
 0.00222754
 0.00393782
 0.00610838
 0.00871832
  0.0117425
  0.0151518
  0.0189134
   0.022991
  0.0273454
  0.0319347
  0.0367146
  0.0416391
  0.0466608
  0.0517313
  0.0568019
  0.0618236
  0.0667481
   0.071528
  0.0761172
  0.0804716
  0.0845492
  0.0883108
  0.0917201
  0.0947443
  0.0973542
  0.0995248
   0.101235
   0.102469
   0.103213
   0.103463
   0.103213
   0.102469
   0.101235
  0.0995248
  0.0973542
  0.0947443
  0.0917201
  0.0883108
  0.0845492
  0.0804716
  0.0761172
   0.071528
  0.0667481
  0.0618236
  0.0568019
  0.0517313
  0.0466608
  0.0416391
  0.0367146
  0.0319347
  0.0273454
   0.022991
  0.0189134
  0.0151518
  0.0117425
 0.00871832
 0.00610838
 0.00393782
 0.00222754
0.000994005
0.000249101
0.000234551
0.000935945
 0.00209743
 0.00370781
 0.00575159
 0.00820908
  0.0110566
  0.0142668
  0.0178086
  0.0216481
  0.0257481
  0.0300694
  0.0345701
   0.039207
  0.0439354
  0.0487098
  0.0534842
  0.0582126
  0.0628494
  0.0673502
  0.0716713
  0.0757714
  0.0796109
  0.0831527
  0.0863629
  0.0892104
  0.0916679
  0.0937117
  0.0953221
  0.0964836
   0.097185
  0.0974195
   0.097185
  0.0964836
  0.0953221
  0.0937117
  0.0916679
  0.0892104
  0.0863629
  0.0831527
  0.0796109
  0.0757714
  0.0716714
  0.0673502
  0.0628494
  0.0582126
  0.0534842
  0.0487098
  0.0439354
   0.039207
  0.0345701
  0.0300694
  0.0257481
  0.0216481
  0.0178086
  0.0142668
  0.0110566
 0.00820908
 0.00575159
 0.00370781
 0.00209743
0.000935946
0.000234551
0.000219708
0.000876716
  0.0019647
 0.00347317
 0.00538761
 0.00768958
  0.0103569
  0.0133639
  0.0166816
  0.0202781
  0.0241187
  0.0281664
  0.0323823
  0.0367258
  0.0411549
  0.0456272
  0.0500994
  0.0545286
   0.058872
  0.0630879
  0.0671357
  0.0709763
  0.0745727
  0.0778904
  0.0808974
  0.0835647
  0.0858667
  0.0877811
  0.0892896
  0.0903775
  0.0910345
  0.0912542
  0.0910345
  0.0903775
  0.0892896
  0.0877811
  0.0858667
  0.0835647
  0.0808974
  0.0778904
  0.0745727
  0.0709763
  0.0671357
  0.0630879
   0.058872
  0.0545286
  0.0500994
  0.0456272
  0.0411549
  0.0367258
  0.0323823
  0.0281664
  0.0241187
  0.0202781
  0.0166816
  0.0133639
  0.0103569
 0.00768958
 0.00538761
 0.00347317
  0.0019647
0.000876716
0.000219708
 0.00020457
0.000816309
 0.00182933
 0.00323387
  0.0050164
 0.00715977
 0.00964332
  0.0124431
  0.0155323
   0.018881
  0.0224569
  0.0262258
  0.0301512
  0.0341954
  0.0383194
  0.0424835
  0.0466476
  0.0507716
  0.0548158
  0.0587412
  0.0625101
  0.0660861
  0.0694347
  0.0725239
  0.0753237
  0.0778072
  0.0799506
  0.0817331
  0.0831377
  0.0841507
  0.0847624
   0.084967
  0.0847624
  0.0841507
  0.0831377
  0.0817331
  0.0799506
  0.0778072
  0.0753237
  0.0725239
  0.0694347
  0.0660861
  0.0625101
  0.0587412
  0.0548158
  0.0507716
  0.0466476
  0.0424835
  0.0383194
  0.0341954
  0.0301512
  0.0262258
  0.0224569
   0.018881
  0.0155323
  0.0124431
 0.00964332
 0.00715977
  0.0050164
 0.00323387
 0.00182933
 0.00081631
 0.00020457
0.000189139
0.000754733
 0.00169133
 0.00298993
   0.004638
 0.00661968
 0.00891589
  0.0115045
  0.0143606
  0.0174567
  0.0207629
  0.0242475
  0.0278768
  0.0316159
  0.0354288
  0.0392788
  0.0431288
  0.0469417
  0.0506808
  0.0543102
  0.0577947
   0.061101
   0.064197
  0.0670531
  0.0696417
  0.0719379
  0.0739196
  0.0755676
  0.0768663
  0.0778028
  0.0783684
  0.0785576
  0.0783684
  0.0778028
  0.0768662
  0.0755677
  0.0739196
  0.0719379
  0.0696417
  0.0670531
   0.064197
  0.0611009
  0.0577947
  0.0543102
  0.0506808
  0.0469417
  0.0431288
  0.0392788
  0.0354288
  0.0316159
  0.0278768
  0.0242475
  0.0207629
  0.0174567
  0.0143606
  0.0115045
 0.00891589
 0.00661968
   0.004638
 0.00298993
 0.00169134
0.000754733
0.000189139
0.000173413
0.000691981
 0.00155071
 0.00274133
 0.00425238
 0.00606929
 0.00817459
   0.010548
  0.0131666
  0.0160053
  0.0190366
  0.0222315
   0.025559
  0.0289873
  0.0324831
   0.036013
  0.0395429
  0.0430388
  0.0464671
  0.0497946
  0.0529894
  0.0560208
  0.0588594
  0.0614781
  0.0638515
  0.0659568
  0.0677737
  0.0692847
  0.0704754
  0.0713341
  0.0718527
  0.0720261
  0.0718527
  0.0713341
  0.0704754
  0.0692847
  0.0677737
  0.0659568
  0.0638515
  0.0614781
  0.0588594
  0.0560208
  0.0529894
  0.0497946
  0.0464671
  0.0430388
  0.0395429
   0.036013
  0.0324831
  0.0289873
   0.025559
  0.0222315
  0.0190366
  0.0160053
  0.0131666
   0.010548
 0.00817459
 0.00606929
 0.00425238
 0.00274133
 0.00155071
0.000691981
0.000173413
0.000157394
0.000628059
 0.00140746
  0.0024881
 0.00385956
 0.00550865
 0.00741946
 0.00957361
  0.0119503
  0.0145268
  0.0172781
  0.0201778
   0.023198
  0.0263095
  0.0294825
  0.0326863
  0.0358901
   0.039063
  0.0421746
  0.0451947
  0.0480944
  0.0508457
  0.0534222
  0.0557989
   0.057953
  0.0598638
  0.0615129
  0.0628843
   0.063965
  0.0647444
  0.0652151
  0.0653725
  0.0652151
  0.0647444
   0.063965
  0.0628843
  0.0615129
  0.0598638
   0.057953
  0.0557989
  0.0534222
  0.0508457
  0.0480944
  0.0451947
  0.0421746
   0.039063
  0.0358901
  0.0326863
  0.0294825
  0.0263095
   0.023198
  0.0201778
  0.0172781
  0.0145268
  0.0119503
 0.00957361
 0.00741946
 0.00550865
 0.00385956
  0.0024881
 0.00140746
0.000628059
0.000157394
 0.00014108
0.000562963
 0.00126159
 0.00223022
 0.00345953
 0.00493769
 0.00665046
 0.00858134
  0.0107117
  0.0130211
  0.0154873
  0.0180865
  0.0207936
  0.0235826
  0.0264267
  0.0292985
  0.0321703
  0.0350143
  0.0378034
  0.0405105
  0.0431097
  0.0455758
  0.0478852
  0.0500156
  0.0519465
  0.0536592
  0.0551374
  0.0563667
  0.0573353
   0.058034
  0.0584559
  0.0585969
  0.0584559
   0.058034
  0.0573353
  0.0563667
  0.0551374
  0.0536592
  0.0519465
  0.0500156
  0.0478852
  0.0455758
  0.0431097
  0.0405105
  0.0378034
  0.0350143
  0.0321703
  0.0292985
  0.0264267
  0.0235826
  0.0207936
  0.0180865
  0.0154873
  0.0130211
  0.0107117
 0.00858134
 0.00665046
 0.00493769
 0.00345953
 0.00223022
 0.00126159
0.000562963
 0.00014108
0.000124473
0.000496695
 0.00111308
 0.00196769
  0.0030523
 0.00435646
 0.00586761
  0.0075712
 0.00945082
  0.0114884
  0.0136642
  0.0159574
  0.0183459
  0.0208067
   0.023316
  0.0258497
  0.0283834
  0.0308927
  0.0333535
  0.0357419
  0.0380351
   0.040211
  0.0422485
  0.0441281
  0.0458317
  0.0473429
  0.0486471
  0.0497317
  0.0505863
  0.0512027
  0.0515749
  0.0516994
  0.0515749
  0.0512027
  0.0505863
  0.0497317
   0.048647
  0.0473429
  0.0458317
  0.0441281
  0.0422485
   0.040211
  0.0380351
  0.0357419
  0.0333534
  0.0308927
  0.0283834
  0.0258497
   0.023316
  0.0208067
  0.0183459
  0.0159574
  0.0136642
  0.0114884
 0.00945082
  0.0075712
 0.00586761
 0.00435646
  0.0030523
 0.00196769
 0.00111308
0.000496695
0.000124473
0.000107573
0.000429255
0.000961948
 0.00170052
 0.00263787
 0.00376495
 0.00507092
  0.0065432
  0.0081676
  0.0099285
  0.0118089
  0.0137908
  0.0158549
  0.0179816
  0.0201502
  0.0223399
  0.0245296
  0.0266982
  0.0288248
   0.030889
  0.0328708
  0.0347512
  0.0365121
  0.0381365
  0.0396088
  0.0409148
  0.0420419
  0.0429792
  0.0437178
  0.0442505
  0.0445722
  0.0446798
  0.0445722
  0.0442505
  0.0437178
  0.0429792
  0.0420419
  0.0409148
  0.0396088
  0.0381366
  0.0365121
  0.0347513
  0.0328708
   0.030889
  0.0288248
  0.0266982
  0.0245296
  0.0223399
  0.0201502
  0.0179816
  0.0158549
  0.0137908
  0.0118089
  0.0099285
  0.0081676
  0.0065432
 0.00507092
 0.00376495
 0.00263786
 0.00170052
0.000961948
0.000429255
0.000107573
 9.0378e-05
0.000360642
0.000808188
 0.00142871
 0.00221622
 0.00316315
 0.00426038
 0.00549733
 0.00686209
 0.00834152
 0.00992138
  0.0115864
  0.0133207
  0.0151074
  0.0169293
   0.018769
  0.0206087
  0.0224307
  0.0242174
  0.0259516
  0.0276167
  0.0291965
   0.030676
  0.0320407
  0.0332777
  0.0343749
  0.0353218
  0.0361093
  0.0367299
  0.0371774
  0.0374476
   0.037538
  0.0374477
  0.0371774
  0.0367299
  0.0361093
  0.0353218
  0.0343749
  0.0332777
  0.0320407
   0.030676
  0.0291965
  0.0276167
  0.0259516
  0.0242174
  0.0224307
  0.0206087
   0.018769
  0.0169293
  0.0151074
  0.0133207
  0.0115864
 0.00992137
 0.00834152
 0.00686209
 0.00549733
 0.00426038
 0.00316315
 0.00221622
 0.00142871
0.000808188
0.000360642
 9.0378e-05
7.28899e-05
0.000290857
0.000651804
 0.00115225
 0.00178738
 0.00255108
 0.00343599
 0.00443359
 0.00553427
 0.00672743
 0.00800158
 0.00934445
  0.0107431
  0.0121841
  0.0136535
  0.0151372
  0.0166209
  0.0180903
  0.0195313
  0.0209299
  0.0222728
  0.0235469
  0.0247401
  0.0258408
  0.0268384
  0.0277233
   0.028487
  0.0291221
  0.0296226
  0.0299835
  0.0302015
  0.0302744
  0.0302015
  0.0299835
  0.0296226
  0.0291221
   0.028487
  0.0277233
  0.0268384
  0.0258408
  0.0247401
  0.0235469
  0.0222728
  0.0209299
  0.0195313
  0.0180903
  0.0166209
  0.0151372
  0.0136535
  0.0121841
  0.0107431
 0.00934445
 0.00800158
 0.00672743
 0.00553427
 0.00443359
 0.00343599
 0.00255108
 0.00178738
 0.00115225
0.000651804
0.000290858
7.28899e-05
5.51078e-05
  0.0002199
0.000492791
0.000871151
 0.00135134
 0.00192872
 0.00259775
 0.00335198
 0.00418414
 0.00508622
 0.00604953
  0.0070648
 0.00812224
 0.00921168
  0.0103226
  0.0114444
  0.0125661
  0.0136771
  0.0147665
  0.0158239
  0.0168392
  0.0178025
  0.0187046
  0.0195368
   0.020291
    0.02096
  0.0215374
  0.0220176
  0.0223959
  0.0226688
  0.0228336
  0.0228887
  0.0228336
  0.0226688
  0.0223959
  0.0220176
  0.0215374
    0.02096
   0.020291
  0.0195368
  0.0187046
  0.0178025
  0.0168392
  0.0158239
  0.0147665
  0.0136771
  0.0125661
  0.0114444
  0.0103226
 0.00921168
 0.00812224
  0.0070648
 0.00604953
 0.00508622
 0.00418414
 0.00335198
 0.00259775
 0.00192872
 0.00135134
0.000871151
0.000492791
  0.0002199
5.51078e-05
3.70321e-05
0.000147772
0.000331153
0.000585409
0.000908091
 0.00129609
 0.00174568
 0.00225251
 0.00281172
 0.00341791
 0.00406525
 0.00474751
 0.00545811
  0.0061902
 0.00693675
 0.00769056
 0.00844436
 0.00919091
 0.00992301
  0.0106336
  0.0113159
  0.0119632
  0.0125694
  0.0131286
  0.0136354
   0.014085
   0.014473
  0.0147957
    0.01505
  0.0152333
  0.0153441
  0.0153811
  0.0153441
  0.0152333
    0.01505
  0.0147957
   0.014473
   0.014085
  0.0136354
  0.0131286
  0.0125694
  0.0119632
  0.0113159
  0.0106336
 0.00992301
 0.00919091
 0.00844436
 0.00769056
 0.00693675
  0.0061902
 0.00545811
 0.00474751
 0.00406525
 0.00341791
 0.00281172
 0.00225251
 0.00174568
 0.00129609
0.000908091
0.000585409
0.000331153
0.000147772
3.70321e-05
1.86628e-05
7.44716e-05
0.000166889
0.000295025
0.000457645
0.000653183
0.000879757
 0.00113518
   0.001417
  0.0017225
 0.00204874
 0.00239257
 0.00275069
 0.00311964
 0.00349587
 0.00387576
 0.00425565
 0.00463188
 0.00500083
 0.00535895
 0.00570278
 0.00602902
 0.00633451
 0.00661634
 0.00687176
 0.00709834
 0.00729388
  0.0074565
 0.00758464
 0.00767706
 0.00773287
 0.00775153
 0.00773287
 0.00767706
 0.00758464
  0.0074565
 0.00729388
 0.00709834
 0.00687176
 0.00661634
 0.00633451
 0.00602902
 0.00570278
 0.00535895
 0.00500083
 0.00463188
 0.00425565
 0.00387576
 0.00349587
 0.00311964
 0.00275069
 0.00239257
 0.00204874
  0.0017225
   0.001417
 0.00113518
0.000879757
0.000653183
0.000457645
0.000295025
0.000166889
7.44716e-05
1.86628e-05
          0
          0
          0
          0
          0
          0
          0
          0
          0
          0
          0
          0
          0
          0
          0
          0
          0
          0
          0
          0
          0
          0
          0
          0
          0
          0
          0
          0
          0
          0
          0
          0
          0
          0
          0
          0
          0
          0
          0
          0
          0
          0
          0
          0
          0
          0
          0
          0
          0
          0
          0
          0
          0
          0
          0
          0
          0
          0
          0
          0
          0
          0
          0
