1.04754e-19
0.0078032
0.0156065
0.0234099
0.031213400000000002
0.03901690000000001
0.0468206
0.05462430000000001
0.062428
0.0702317
0.07803560000000001
0.0858395
0.0936434
0.10144700000000001
0.109251
0.11705499999999999
0.124859
0.132663
0.140467
0.14827100000000001
0.156075
0.163879
0.171682
0.17948599999999998
0.18729
0.19509300000000002
0.202897
0.2107
0.218504
0.226307
0.23410999999999998
0.24191300000000002
0.249717
0.257519
0.265322
0.273125
0.280927
0.288729
0.296532
0.304334
0.312136
0.319938
0.32774000000000003
0.335542
0.343343
0.351145
0.358946
0.366748
0.37454899999999997
0.38235
0.39015
0.397951
0.40575100000000003
0.41355200000000003
0.42135200000000006
0.42915200000000003
0.43695200000000006
0.44475200000000004
0.45255200000000007
0.46035200000000004
0.46815100000000004
0.47595200000000004
0.48375200000000007
0.491551
0.49935
0.507149
0.51495
0.52275
0.5305489999999999
0.5383479999999999
0.546148
0.5539470000000001
0.561746
0.569545
0.577345
0.585145
0.5929449999999999
0.600744
0.608544
0.616344
0.624145
0.631945
0.639745
0.647546
0.655346
0.663146
0.670948
0.6787479999999999
0.686549
0.69435
0.702151
0.709953
0.717755
0.7255560000000001
0.733358
0.741159
0.748963
0.7567649999999999
0.7645689999999999
0.7723720000000001
0.780175
0.787978
0.7957810000000001
0.803585
0.811389
0.8191930000000001
0.826996
0.8348
0.842606
0.850411
0.858216
0.8660209999999999
0.873827
0.881634
0.88944
0.8972450000000001
0.9050520000000001
0.912858
0.9206639999999999
0.9284690000000001
0.936276
0.944082
0.951889
0.9596950000000001
0.967501
0.975308
0.983115
0.990922
0.9987290000000001
